 ETA_AV=  0.0975853875
   0.0000      0.680041  0.696868
   0.0100      0.685610  0.702574
   0.0200      0.691420  0.708528
   0.0300      0.696754  0.713994
   0.0400      0.705582  0.723041
   0.0500      0.708003  0.725521
   0.0600      0.713331  0.730982
   0.0700      0.717998  0.735764
   0.0800      0.725665  0.743620
   0.0900      0.730893  0.748978
   0.1000      0.732574  0.750701
   0.1100      0.736615  0.754841
   0.1200      0.744692  0.763119
   0.1300      0.745294  0.763735
   0.1400      0.752705  0.771330
   0.1500      0.752916  0.771545
   0.1600      0.757239  0.775976
   0.1700      0.764828  0.783753
   0.1800      0.765122  0.784054
   0.1900      0.772588  0.791705
   0.2000      0.776824  0.796046
   0.2100      0.776464  0.795677
   0.2200      0.783613  0.803002
   0.2300      0.783296  0.802678
   0.2400      0.786093  0.805544
   0.2500      0.793049  0.812672
   0.2600      0.795878  0.815571
   0.2700      0.795119  0.814793
   0.2800      0.802216  0.822066
   0.2900      0.805527  0.825459
   0.3000      0.805074  0.824995
   0.3100      0.808108  0.828103
   0.3200      0.814831  0.834993
   0.3300      0.813607  0.833738
   0.3400      0.816619  0.836825
   0.3500      0.823016  0.843381
   0.3600      0.821803  0.842137
   0.3700      0.825821  0.846255
   0.3800      0.833028  0.853640
   0.3900      0.836421  0.857117
   0.4000      0.834877  0.855535
   0.4100      0.841373  0.862192
   0.4200      0.845205  0.866119
   0.4300      0.843965  0.864847
   0.4400      0.850438  0.871481
   0.4500      0.853677  0.874800
   0.4600      0.853351  0.874466
   0.4700      0.856591  0.877786
   0.4800      0.863677  0.885048
   0.4900      0.863577  0.884945
   0.5000      0.867021  0.888474
   0.5100      0.875054  0.896706
   0.5200      0.878887  0.900634
   0.5300      0.882590  0.904428
   0.5400      0.880294  0.902076
   0.5500      0.885358  0.907265
   0.5600      0.888514  0.910499
   0.5700      0.895649  0.917811
   0.5800      0.899362  0.921616
   0.5900      0.902764  0.925101
   0.6000      0.900787  0.923076
   0.6100      0.905862  0.928276
   0.6200      0.910021  0.932538
   0.6300      0.912810  0.935396
   0.6400      0.918792  0.941526
   0.6500      0.922563  0.945391
   0.6600      0.925734  0.948640
   0.6700      0.924271  0.947141
   0.6800      0.928406  0.951378
   0.6900      0.931796  0.954852
   0.7000      0.937363  0.960556
   0.7100      0.940562  0.963835
   0.7200      0.943916  0.967272
   0.7300      0.942508  0.965829
   0.7400      0.946867  0.970295
   0.7500      0.951198  0.974734
   0.7600      0.956236  0.979897
   0.7700      0.959614  0.983358
   0.7800      0.962920  0.986746
   0.7900      0.966253  0.990162
   0.8000      0.966063  0.989967
   0.8100      0.969929  0.993928
   0.8200      0.972897  0.996970
   0.8300      0.977700  1.001891
   0.8400      0.980933  1.005204
   0.8500      0.983809  1.008152
   0.8600      0.983592  1.007930
   0.8700      0.986825  1.011243
   0.8800      0.989367  1.013847
   0.8900      0.994160  1.018759
   0.9000      0.997207  1.021882
   0.9100      1.000001  1.024745
   0.9200      1.000676  1.025436
   0.9300      1.004493  1.029348
   0.9400      1.008054  1.032997
   0.9500      1.011871  1.036909
   0.9600      1.016646  1.041802
   0.9700      1.019911  1.045147
   0.9800      1.022939  1.048250
   0.9900      1.019825  1.045059
   1.0000      1.018543  1.043745
   1.0100      1.017496  1.042673
   1.0200      1.017195  1.042364
   1.0300      1.016056  1.041197
   1.0400      1.015060  1.040176
   1.0500      1.014025  1.039115
   1.0600      1.012916  1.037979
   1.0700      1.011644  1.036676
   1.0800      1.008959  1.033924
   1.0900      1.008070  1.033013
   1.1000      1.007091  1.032010
   1.1100      1.006341  1.031242
   1.1200      1.005738  1.030623
   1.1300      1.004813  1.029675
   1.1400      1.004187  1.029035
   1.1500      1.004249  1.029098
   1.1600      1.003381  1.028208
   1.1700      1.003015  1.027833
   1.1800      1.002519  1.027325
   1.1900      1.002143  1.026940
   1.2000      1.001554  1.026336
   1.2100      0.999887  1.024628
   1.2200      0.999450  1.024180
   1.2300      0.999033  1.023752
   1.2400      0.998925  1.023642
   1.2500      0.998566  1.023274
   1.2600      0.998154  1.022852
   1.2700      0.998198  1.022897
   1.2800      0.998250  1.022950
   1.2900      0.998260  1.022960
   1.3000      0.998396  1.023099
   1.3100      0.998362  1.023065
   1.3200      0.998257  1.022957
   1.3300      0.998288  1.022989
   1.3400      0.997610  1.022294
   1.3500      0.997982  1.022676
   1.3600      0.998395  1.023099
   1.3700      0.998607  1.023316
   1.3800      0.998842  1.023557
   1.3900      0.999127  1.023849
   1.4000      0.999886  1.024627
   1.4100      1.000353  1.025106
   1.4200      1.000232  1.024982
   1.4300      1.000625  1.025384
   1.4400      1.001022  1.025791
   1.4500      1.001648  1.026432
   1.4600      1.002300  1.027100
   1.4700      1.002143  1.026939
   1.4800      1.002691  1.027502
   1.4900      1.003789  1.028626
   1.5000      1.004677  1.029536
   1.5100      1.005346  1.030221
   1.5200      1.005888  1.030777
   1.5300      1.006850  1.031763
   1.5400      1.007785  1.032721
   1.5500      1.008651  1.033609
   1.5600      1.009488  1.034467
   1.5700      1.009958  1.034948
   1.5800      1.010928  1.035942
   1.5900      1.011921  1.036960
   1.6000      1.012875  1.037937
   1.6100      1.013929  1.039017
   1.6200      1.015105  1.040222
   1.6300      1.016144  1.041287
   1.6400      1.017360  1.042533
   1.6500      1.018757  1.043964
   1.6600      1.020031  1.045270
   1.6700      1.021042  1.046306
   1.6800      1.022035  1.047324
   1.6900      1.023287  1.048607
   1.7000      1.024680  1.050035
   1.7100      1.025891  1.051275
   1.7200      1.025615  1.050992
   1.7300      1.025042  1.050406
   1.7400      1.024502  1.049852
   1.7500      1.023871  1.049205
   1.7600      1.023201  1.048519
   1.7700      1.022665  1.047970
   1.7800      1.022089  1.047379
   1.7900      1.021706  1.046987
   1.8000      1.021371  1.046643
   1.8100      1.020939  1.046201
   1.8200      1.020474  1.045725
   1.8300      1.019984  1.045222
   1.8400      1.019668  1.044898
   1.8500      1.019358  1.044580
   1.8600      1.019114  1.044330
   1.8700      1.018863  1.044073
   1.8800      1.018857  1.044068
   1.8900      1.018743  1.043950
   1.9000      1.018509  1.043711
   1.9100      1.018458  1.043658
   1.9200      1.018435  1.043634
   1.9300      1.018299  1.043495
   1.9400      1.018431  1.043631
   1.9500      1.018261  1.043457
   1.9600      1.018358  1.043555
   1.9700      1.018203  1.043397
   1.9800      1.018182  1.043375
   1.9900      1.017356  1.042529
   2.0000      1.016557  1.041710
   2.0100      1.015774  1.040908
   2.0200      1.015015  1.040130
   2.0300      1.014271  1.039368
   2.0400      1.013481  1.038558
   2.0500      1.012777  1.037837
   2.0600      1.012090  1.037133
   2.0700      1.011426  1.036453
   2.0800      1.010778  1.035788
   2.0900      1.010156  1.035151
   2.1000      1.009550  1.034530
   2.1100      1.008965  1.033930
   2.1200      1.008394  1.033345
   2.1300      1.007844  1.032781
   2.1400      1.007307  1.032232
   2.1500      1.006788  1.031700
   2.1600      1.006284  1.031183
   2.1700      1.005931  1.030821
   2.1800      1.005462  1.030340
   2.1900      1.005014  1.029882
   2.2000      1.004579  1.029436
   2.2100      1.004162  1.029009
   2.2200      1.003762  1.028599
   2.2300      1.003381  1.028208
   2.2400      1.003011  1.027829
   2.2500      1.002658  1.027467
   2.2600      1.002317  1.027117
   2.2700      1.001991  1.026784
   2.2800      1.001678  1.026463
   2.2900      1.001381  1.026158
   2.3000      1.001004  1.025772
   2.3100      1.000727  1.025489
   2.3200      1.000467  1.025222
   2.3300      1.000216  1.024965
   2.3400      0.999982  1.024725
   2.3500      0.999761  1.024498
   2.3600      0.999553  1.024285
   2.3700      0.999354  1.024081
   2.3800      0.999168  1.023891
   2.3900      0.998991  1.023709
   2.4000      0.998824  1.023539
   2.4100      0.998669  1.023380
   2.4200      0.998525  1.023232
   2.4300      0.998557  1.023265
   2.4400      0.998432  1.023137
   2.4500      0.998315  1.023017
   2.4600      0.998208  1.022907
   2.4700      0.998109  1.022806
   2.4800      0.998021  1.022716
   2.4900      0.997941  1.022633
   2.5000      0.997867  1.022558
   2.5100      0.997800  1.022489
   2.5200      0.997740  1.022428
   2.5300      0.997686  1.022372
   2.5400      0.997639  1.022325
   2.5500      0.997600  1.022285
   2.5600      0.997476  1.022157
   2.5700      0.997449  1.022129
   2.5800      0.997426  1.022106
   2.5900      0.997410  1.022089
   2.6000      0.997399  1.022078
   2.6100      0.997395  1.022075
   2.6200      0.997396  1.022075
   2.6300      0.997400  1.022079
   2.6400      0.997407  1.022087
   2.6500      0.997419  1.022099
   2.6600      0.997435  1.022115
   2.6700      0.997453  1.022134
   2.6800      0.997604  1.022288
   2.6900      0.997623  1.022307
   2.7000      0.997643  1.022328
   2.7100      0.997665  1.022351
   2.7200      0.997688  1.022375
   2.7300      0.997714  1.022401
   2.7400      0.997741  1.022429
   2.7500      0.997770  1.022458
   2.7600      0.997798  1.022488
   2.7700      0.997828  1.022518
   2.7800      0.997859  1.022549
   2.7900      0.997889  1.022581
   2.8000      0.997921  1.022613
   2.8100      0.997908  1.022600
   2.8200      0.997944  1.022637
   2.8300      0.997981  1.022674
   2.8400      0.998018  1.022712
   2.8500      0.998055  1.022751
   2.8600      0.998093  1.022789
   2.8700      0.998132  1.022829
   2.8800      0.998170  1.022868
   2.8900      0.998208  1.022907
   2.9000      0.998246  1.022946
   2.9100      0.998285  1.022986
   2.9200      0.998323  1.023025
   2.9300      0.998362  1.023065
   2.9400      0.998437  1.023142
   2.9500      0.998472  1.023177
   2.9600      0.998506  1.023212
   2.9700      0.998539  1.023247
   2.9800      0.998572  1.023280
   2.9900      0.998604  1.023314
   3.0000      0.998636  1.023346
   3.0100      0.998668  1.023378
   3.0200      0.998698  1.023410
   3.0300      0.998729  1.023441
   3.0400      0.998759  1.023471
   3.0500      0.998788  1.023502
   3.0600      0.998817  1.023531
   3.0700      0.998842  1.023557
   3.0800      0.998872  1.023587
   3.0900      0.998901  1.023617
   3.1000      0.998930  1.023647
   3.1100      0.998959  1.023676
   3.1200      0.998987  1.023705
   3.1300      0.999014  1.023734
   3.1400      0.999042  1.023762
   3.1500      0.999069  1.023789
   3.1600      0.999095  1.023816
   3.1700      0.999121  1.023843
   3.1800      0.999147  1.023869
   3.1900      0.999172  1.023895
   3.2000      0.999183  1.023906
   3.2100      0.999207  1.023931
   3.2200      0.999231  1.023955
   3.2300      0.999254  1.023979
   3.2400      0.999277  1.024003
   3.2500      0.999300  1.024027
   3.2600      0.999323  1.024050
   3.2700      0.999345  1.024073
   3.2800      0.999367  1.024095
   3.2900      0.999389  1.024118
   3.3000      0.999411  1.024140
   3.3100      0.999432  1.024162
   3.3200      0.999464  1.024195
   3.3300      0.999485  1.024216
   3.3400      0.999506  1.024238
   3.3500      0.999527  1.024259
   3.3600      0.999547  1.024280
   3.3700      0.999567  1.024300
   3.3800      0.999587  1.024320
   3.3900      0.999606  1.024340
   3.4000      0.999625  1.024359
   3.4100      0.999644  1.024379
   3.4200      0.999662  1.024397
   3.4300      0.999680  1.024415
   3.4400      0.999697  1.024433
   3.4500      0.999693  1.024429
   3.4600      0.999710  1.024446
   3.4700      0.999726  1.024463
   3.4800      0.999742  1.024479
   3.4900      0.999758  1.024495
   3.5000      0.999773  1.024511
   3.5100      0.999788  1.024526
   3.5200      0.999803  1.024541
   3.5300      0.999817  1.024556
   3.5400      0.999831  1.024570
   3.5500      0.999845  1.024584
   3.5600      0.999858  1.024598
   3.5700      0.999870  1.024611
   3.5800      0.999893  1.024634
   3.5900      0.999905  1.024646
   3.6000      0.999916  1.024658
   3.6100      0.999928  1.024669
   3.6200      0.999938  1.024680
   3.6300      0.999949  1.024691
   3.6400      0.999959  1.024701
   3.6500      0.999968  1.024711
   3.6600      0.999977  1.024720
   3.6700      0.999986  1.024729
   3.6800      0.999994  1.024738
   3.6900      1.000002  1.024746
   3.7000      1.000010  1.024753
   3.7100      1.000003  1.024746
   3.7200      1.000010  1.024754
   3.7300      1.000017  1.024760
   3.7400      1.000023  1.024767
   3.7500      1.000029  1.024773
   3.7600      1.000035  1.024780
   3.7700      1.000041  1.024786
   3.7800      1.000046  1.024791
   3.7900      1.000051  1.024796
   3.8000      1.000056  1.024801
   3.8100      1.000061  1.024806
   3.8200      1.000065  1.024810
   3.8300      1.000069  1.024814
   3.8400      1.000078  1.024824
   3.8500      1.000082  1.024828
   3.8600      1.000085  1.024831
   3.8700      1.000088  1.024834
   3.8800      1.000091  1.024837
   3.8900      1.000094  1.024840
   3.9000      1.000096  1.024842
   3.9100      1.000098  1.024844
   3.9200      1.000100  1.024846
   3.9300      1.000102  1.024848
   3.9400      1.000104  1.024850
   3.9500      1.000105  1.024851
   3.9600      1.000099  1.024845
   3.9700      1.000101  1.024847
   3.9800      1.000102  1.024848
   3.9900      1.000103  1.024849
   4.0000      1.000107  1.024854
   4.0100      1.000105  1.024851
   4.0200      1.000109  1.024855
   4.0300      1.000106  1.024852
   4.0400      1.000110  1.024856
   4.0500      1.000107  1.024854
   4.0600      1.000111  1.024857
   4.0700      1.000108  1.024854
   4.0800      1.000111  1.024858
   4.0900      1.000112  1.024859
   4.1000      1.000107  1.024853
   4.1100      1.000110  1.024856
   4.1200      1.000107  1.024853
   4.1300      1.000109  1.024855
   4.1400      1.000107  1.024853
   4.1500      1.000109  1.024855
   4.1600      1.000107  1.024853
   4.1700      1.000108  1.024854
   4.1800      1.000106  1.024852
   4.1900      1.000107  1.024853
   4.2000      1.000105  1.024851
   4.2100      1.000106  1.024852
   4.2200      1.000104  1.024850
   4.2300      1.000105  1.024851
   4.2400      1.000103  1.024849
   4.2500      1.000103  1.024850
   4.2600      1.000102  1.024848
   4.2700      1.000102  1.024848
   4.2800      1.000100  1.024847
   4.2900      1.000101  1.024847
   4.3000      1.000099  1.024845
   4.3100      1.000099  1.024845
   4.3200      1.000098  1.024843
   4.3300      1.000097  1.024843
   4.3400      1.000096  1.024842
   4.3500      1.000095  1.024840
   4.3600      1.000094  1.024840
   4.3700      1.000093  1.024838
   4.3800      1.000092  1.024838
   4.3900      1.000091  1.024836
   4.4000      1.000090  1.024836
   4.4100      1.000088  1.024834
   4.4200      1.000088  1.024833
   4.4300      1.000086  1.024832
   4.4400      1.000085  1.024831
   4.4500      1.000084  1.024829
   4.4600      1.000083  1.024828
   4.4700      1.000081  1.024827
   4.4800      1.000080  1.024826
   4.4900      1.000079  1.024825
   4.5000      1.000078  1.024823
   4.5100      1.000077  1.024822
   4.5200      1.000076  1.024821
   4.5300      1.000074  1.024820
   4.5400      1.000073  1.024819
   4.5500      1.000072  1.024817
   4.5600      1.000071  1.024816
   4.5700      1.000069  1.024814
   4.5800      1.000068  1.024813
   4.5900      1.000067  1.024812
   4.6000      1.000065  1.024810
   4.6100      1.000064  1.024809
   4.6200      1.000063  1.024808
   4.6300      1.000061  1.024806
   4.6400      1.000060  1.024805
   4.6500      1.000059  1.024804
   4.6600      1.000058  1.024803
   4.6700      1.000056  1.024801
   4.6800      1.000055  1.024800
   4.6900      1.000054  1.024799
   4.7000      1.000053  1.024798
   4.7100      1.000051  1.024796
   4.7200      1.000050  1.024795
   4.7300      1.000049  1.024794
   4.7400      1.000048  1.024793
   4.7500      1.000047  1.024792
   4.7600      1.000046  1.024791
   4.7700      1.000045  1.024790
   4.7800      1.000044  1.024789
   4.7900      1.000043  1.024788
   4.8000      1.000042  1.024787
   4.8100      1.000041  1.024786
   4.8200      1.000040  1.024785
   4.8300      1.000039  1.024784
   4.8400      1.000039  1.024783
   4.8500      1.000038  1.024782
   4.8600      1.000037  1.024782
   4.8700      1.000037  1.024781
   4.8800      1.000036  1.024781
   4.8900      1.000036  1.024780
   4.9000      1.000035  1.024779
   4.9100      1.000034  1.024779
   4.9200      1.000034  1.024778
   4.9300      1.000034  1.024778
   4.9400      1.000033  1.024778
   4.9500      1.000033  1.024777
   4.9600      1.000033  1.024777
   4.9700      1.000033  1.024777
   4.9800      1.000032  1.024777
   4.9900      1.000032  1.024777
   5.0000      1.000032  1.024777
