 ETA_AV=  0.305066556
   0.0000      2.008534  1.975176
   0.0200      1.782404  1.752802
   0.0400      1.850104  1.819377
   0.0600      1.576416  1.550235
   0.0800      1.687252  1.659230
   0.1000      1.509542  1.484472
   0.1200      1.397041  1.373839
   0.1400      1.466930  1.442568
   0.1600      1.483450  1.458813
   0.1800      1.541011  1.515418
   0.2000      1.273190  1.252045
   0.2200      1.321995  1.300040
   0.2400      1.243418  1.222767
   0.2600      1.253530  1.232711
   0.2800      1.198920  1.179009
   0.3000      1.090549  1.072437
   0.3200      0.995661  0.979125
   0.3400      1.106373  1.087998
   0.3600      0.940276  0.924660
   0.3800      0.936628  0.921072
   0.4000      0.916418  0.901198
   0.4200      0.852168  0.838015
   0.4400      0.982856  0.966533
   0.4600      1.013297  0.996468
   0.4800      1.034554  1.017372
   0.5000      0.965384  0.949351
   0.5200      0.891600  0.876792
   0.5400      0.813575  0.800063
   0.5600      0.892069  0.877254
   0.5800      1.074635  1.056788
   0.6000      0.921031  0.905734
   0.6200      1.019000  1.002076
   0.6400      0.972488  0.956337
   0.6600      0.839599  0.825655
   0.6800      0.939828  0.924219
   0.7000      0.910398  0.895278
   0.7200      0.866126  0.851741
   0.7400      0.897874  0.882962
   0.7600      0.886917  0.872187
   0.7800      0.873647  0.859138
   0.8000      0.945128  0.929431
   0.8200      1.055783  1.038249
   0.8400      1.065872  1.048170
   0.8600      1.178771  1.159194
   0.8800      1.048813  1.031395
   0.9000      1.097077  1.078857
   0.9200      1.147199  1.128146
   0.9400      1.091194  1.073071
   0.9600      1.122171  1.103534
   0.9800      1.147196  1.128144
   1.0000      1.076611  1.058730
   1.0200      1.073984  1.056148
   1.0400      1.199044  1.179131
   1.0600      1.099856  1.081589
   1.0800      1.069658  1.051893
   1.1000      1.017629  1.000728
   1.1200      1.010253  0.993475
   1.1400      1.022842  1.005855
   1.1600      1.003420  0.986756
   1.1800      1.009745  0.992975
   1.2000      1.001584  0.984950
   1.2200      0.970399  0.954282
   1.2400      0.963274  0.947276
   1.2600      1.043068  1.025745
   1.2800      0.999231  0.982636
   1.3000      1.092284  1.074143
   1.3200      0.993635  0.977133
   1.3400      0.978344  0.962095
   1.3600      0.986191  0.969812
   1.3800      0.967618  0.951548
   1.4000      0.940692  0.925069
   1.4200      0.932554  0.917066
   1.4400      0.923002  0.907673
   1.4600      0.958781  0.942857
   1.4800      0.976399  0.960183
   1.5000      0.960356  0.944407
   1.5200      0.956192  0.940312
   1.5400      0.945788  0.930080
   1.5600      0.955893  0.940018
   1.5800      0.961970  0.945993
   1.6000      0.959878  0.943936
   1.6200      0.979512  0.963245
   1.6400      0.969994  0.953885
   1.6600      0.969839  0.953732
   1.6800      0.978209  0.961963
   1.7000      0.971859  0.955719
   1.7200      0.970596  0.954477
   1.7400      0.985060  0.968701
   1.7600      1.003794  0.987123
   1.7800      0.991177  0.974716
   1.8000      0.988142  0.971731
   1.8200      0.992650  0.976164
   1.8400      1.001957  0.985317
   1.8600      0.998374  0.981793
   1.8800      0.999280  0.982684
   1.9000      0.992699  0.976212
   1.9200      1.009327  0.992564
   1.9400      1.007063  0.990338
   1.9600      1.045356  1.027995
   1.9800      1.036684  1.019467
   2.0000      1.029130  1.012038
   2.0200      1.051871  1.034402
   2.0400      1.044579  1.027231
   2.0600      1.020420  1.003473
   2.0800      1.013365  0.996535
   2.1000      1.006759  0.990039
   2.1200      1.016485  0.999603
   2.1400      1.011119  0.994327
   2.1600      1.000585  0.983967
   2.1800      0.997654  0.981085
   2.2000      0.987674  0.971271
   2.2200      1.007261  0.990532
   2.2400      1.011890  0.995084
   2.2600      0.998348  0.981767
   2.2800      0.990605  0.974153
   2.3000      0.992068  0.975592
   2.3200      1.001033  0.984408
   2.3400      0.994931  0.978407
   2.3600      0.991306  0.974843
   2.3800      0.994345  0.977831
   2.4000      0.987942  0.971534
   2.4200      0.987787  0.971382
   2.4400      0.999158  0.982564
   2.4600      0.993032  0.976540
   2.4800      1.000412  0.983798
   2.5000      0.997598  0.981030
   2.5200      1.000939  0.984315
   2.5400      1.002484  0.985835
   2.5600      0.997705  0.981135
   2.5800      0.989250  0.972821
   2.6000      0.994028  0.977520
   2.6200      1.008314  0.991568
   2.6400      1.007675  0.990940
   2.6600      1.004455  0.987773
   2.6800      0.999187  0.982593
   2.7000      0.999216  0.982621
   2.7200      0.999120  0.982527
   2.7400      0.997871  0.981298
   2.7600      1.000131  0.983521
   2.7800      1.006145  0.989435
   2.8000      1.002813  0.986158
   2.8200      0.997444  0.980878
   2.8400      0.998782  0.982194
   2.8600      1.001938  0.985297
   2.8800      1.004265  0.987586
   2.9000      1.015211  0.998351
   2.9200      1.005264  0.988569
   2.9400      1.003929  0.987255
   2.9600      1.000676  0.984057
   2.9800      1.003689  0.987020
   3.0000      0.999986  0.983379
   3.0200      1.000083  0.983474
   3.0400      0.999255  0.982659
   3.0600      1.002344  0.985697
   3.0800      0.999384  0.982786
   3.1000      1.003185  0.986524
   3.1200      1.001089  0.984463
   3.1400      1.004437  0.987755
   3.1600      1.004557  0.987874
   3.1800      0.999435  0.982836
   3.2000      0.997169  0.980608
   3.2200      0.993162  0.976667
   3.2400      0.997464  0.980898
   3.2600      0.994949  0.978425
   3.2800      0.996066  0.979523
   3.3000      0.995639  0.979103
   3.3200      0.994802  0.978281
   3.3400      0.995258  0.978729
   3.3600      0.993570  0.977069
   3.3800      0.992951  0.976460
   3.4000      0.995063  0.978537
   3.4200      1.001119  0.984493
   3.4400      1.003621  0.986953
   3.4600      1.000971  0.984347
   3.4800      0.997170  0.980609
   3.5000      0.999849  0.983243
   3.5200      0.998031  0.981456
   3.5400      0.997192  0.980631
   3.5600      0.998748  0.982161
   3.5800      0.999836  0.983231
   3.6000      1.000648  0.984029
   3.6200      0.998711  0.982124
   3.6400      1.008835  0.992081
   3.6600      1.005955  0.989248
   3.6800      1.002089  0.985446
   3.7000      1.001873  0.985234
   3.7200      1.005754  0.989050
   3.7400      1.007335  0.990606
   3.7600      1.006114  0.989405
   3.7800      1.003332  0.986669
   3.8000      1.001039  0.984414
   3.8200      1.000185  0.983574
   3.8400      1.001256  0.984627
   3.8600      1.002531  0.985882
   3.8800      1.000836  0.984214
   3.9000      1.003083  0.986424
   3.9200      1.004484  0.987801
   3.9400      1.001562  0.984928
   3.9600      1.000696  0.984076
   3.9800      1.001089  0.984464
   4.0000      1.001592  0.984958
   4.0200      0.999768  0.983164
   4.0400      0.997992  0.981417
   4.0600      0.997751  0.981181
   4.0800      1.000472  0.983856
   4.1000      0.999450  0.982851
   4.1200      0.999515  0.982916
   4.1400      0.999602  0.983000
   4.1600      0.999569  0.982968
   4.1800      0.998316  0.981736
   4.2000      0.998315  0.981735
   4.2200      0.996569  0.980018
   4.2400      0.995942  0.979402
   4.2600      0.997979  0.981405
   4.2800      0.998829  0.982241
   4.3000      1.001165  0.984538
   4.3200      0.999595  0.982994
   4.3400      0.998787  0.982199
   4.3600      0.999816  0.983211
   4.3800      0.997850  0.981278
   4.4000      1.000086  0.983477
   4.4200      1.000596  0.983978
   4.4400      1.000295  0.983683
   4.4600      0.999783  0.983178
   4.4800      0.999062  0.982470
   4.5000      0.999459  0.982860
   4.5200      0.999573  0.982972
   4.5400      0.999422  0.982823
   4.5600      0.998492  0.981909
   4.5800      0.998320  0.981740
   4.6000      1.000337  0.983724
   4.6200      0.999756  0.983152
   4.6400      0.998775  0.982188
   4.6600      0.999766  0.983162
   4.6800      0.999808  0.983203
   4.7000      1.000775  0.984154
   4.7200      1.001075  0.984450
   4.7400      1.000701  0.984081
   4.7600      1.000781  0.984161
   4.7800      1.003733  0.987063
   4.8000      1.002351  0.985704
   4.8200      1.002669  0.986017
   4.8400      1.004207  0.987530
   4.8600      1.003634  0.986966
   4.8800      1.001734  0.985097
   4.9000      1.000373  0.983759
   4.9200      0.999914  0.983307
   4.9400      0.999535  0.982935
   4.9600      0.999397  0.982799
   4.9800      1.000300  0.983687
   5.0000      1.000196  0.983585
   5.0200      0.999874  0.983268
   5.0400      1.000799  0.984178
   5.0600      1.000991  0.984367
   5.0800      1.000349  0.983736
   5.1000      0.999966  0.983359
   5.1200      0.999877  0.983271
   5.1400      0.999941  0.983334
   5.1600      0.999302  0.982706
   5.1800      0.999057  0.982464
   5.2000      0.999449  0.982851
   5.2200      0.999543  0.982943
   5.2400      0.999332  0.982735
   5.2600      0.999528  0.982928
   5.2800      0.999923  0.983316
   5.3000      0.999786  0.983181
   5.3200      0.999733  0.983129
   5.3400      0.999458  0.982859
   5.3600      0.999629  0.983027
   5.3800      1.000046  0.983437
   5.4000      0.999624  0.983022
   5.4200      1.000260  0.983648
   5.4400      1.000531  0.983914
   5.4600      1.000157  0.983547
   5.4800      0.999587  0.982986
   5.5000      1.000398  0.983784
   5.5200      0.999748  0.983144
   5.5400      0.999789  0.983185
   5.5600      0.999874  0.983268
   5.5800      0.999941  0.983334
   5.6000      1.000905  0.984282
   5.6200      1.000686  0.984066
   5.6400      1.000609  0.983991
   5.6600      1.000058  0.983449
   5.6800      0.999569  0.982968
   5.7000      0.999468  0.982869
   5.7200      0.999244  0.982649
   5.7400      0.999316  0.982719
   5.7600      0.999510  0.982910
   5.7800      0.999609  0.983008
   5.8000      0.999930  0.983324
   5.8200      1.000849  0.984227
   5.8400      1.001295  0.984666
   5.8600      1.000817  0.984196
   5.8800      1.000666  0.984047
   5.9000      1.001099  0.984473
   5.9200      1.001295  0.984665
   5.9400      1.000604  0.983986
   5.9600      1.000376  0.983762
   5.9800      1.000820  0.984198
   6.0000      1.000502  0.983885
   6.0200      1.000272  0.983659
   6.0400      1.000097  0.983487
   6.0600      0.999925  0.983319
   6.0800      0.999885  0.983279
   6.1000      0.999852  0.983247
   6.1200      0.999717  0.983114
   6.1400      0.999661  0.983059
   6.1600      0.999867  0.983262
   6.1800      1.000316  0.983703
   6.2000      1.000179  0.983568
   6.2200      1.000177  0.983566
   6.2400      1.000310  0.983697
   6.2600      1.000299  0.983686
   6.2800      1.000183  0.983573
   6.3000      1.000212  0.983600
   6.3200      1.000221  0.983610
   6.3400      1.000143  0.983532
   6.3600      0.999989  0.983382
   6.3800      0.999899  0.983293
   6.4000      0.999922  0.983316
   6.4200      1.000111  0.983501
   6.4400      1.000216  0.983604
   6.4600      1.000205  0.983594
   6.4800      1.000063  0.983454
   6.5000      1.000038  0.983430
   6.5200      1.000021  0.983413
   6.5400      0.999874  0.983268
   6.5600      0.999918  0.983312
   6.5800      0.999863  0.983257
   6.6000      1.000361  0.983747
   6.6200      1.000395  0.983780
   6.6400      1.000245  0.983633
   6.6600      1.000220  0.983608
   6.6800      1.000089  0.983480
   6.7000      1.000150  0.983539
   6.7200      1.000123  0.983513
   6.7400      1.000010  0.983402
   6.7600      1.000160  0.983549
   6.7800      1.000189  0.983578
   6.8000      1.000265  0.983653
   6.8200      1.000312  0.983699
   6.8400      1.000255  0.983643
   6.8600      1.000230  0.983619
   6.8800      1.000185  0.983575
   6.9000      1.000209  0.983598
   6.9200      1.000185  0.983574
   6.9400      1.000076  0.983467
   6.9600      1.000075  0.983466
   6.9800      1.000066  0.983457
   7.0000      1.000131  0.983521
   7.0200      1.000109  0.983499
   7.0400      1.000033  0.983425
   7.0600      1.000111  0.983502
   7.0800      1.000124  0.983514
   7.1000      1.000169  0.983559
   7.1200      1.000153  0.983542
   7.1400      1.000137  0.983526
   7.1600      1.000187  0.983576
   7.1800      1.000285  0.983672
   7.2000      1.000235  0.983623
   7.2200      1.000244  0.983632
   7.2400      1.000165  0.983555
   7.2600      1.000128  0.983518
   7.2800      1.000160  0.983550
   7.3000      1.000238  0.983626
   7.3200      1.000206  0.983595
   7.3400      1.000147  0.983536
   7.3600      1.000055  0.983446
   7.3800      1.000048  0.983440
   7.4000      1.000058  0.983449
   7.4200      1.000044  0.983436
   7.4400      1.000007  0.983399
   7.4600      1.000034  0.983425
   7.4800      1.000084  0.983475
   7.5000      1.000136  0.983526
   7.5200      1.000111  0.983501
   7.5400      1.000156  0.983546
   7.5600      1.000170  0.983560
   7.5800      1.000090  0.983481
   7.6000      1.000085  0.983475
   7.6200      1.000060  0.983452
   7.6400      1.000022  0.983413
   7.6600      1.000050  0.983442
   7.6800      1.000039  0.983430
   7.7000      1.000133  0.983523
   7.7200      1.000221  0.983610
   7.7400      1.000387  0.983773
   7.7600      1.000427  0.983812
   7.7800      1.000372  0.983758
   7.8000      1.000196  0.983585
   7.8200      1.000203  0.983591
   7.8400      1.000295  0.983682
   7.8600      1.000286  0.983673
   7.8800      1.000257  0.983645
   7.9000      1.000263  0.983651
   7.9200      1.000138  0.983528
   7.9400      1.000107  0.983497
   7.9600      1.000062  0.983453
   7.9800      1.000091  0.983482
   8.0000      1.000083  0.983474
