 ETA_AV=  0.0929263681
   0.0000      0.317685  0.341867
   0.0100      0.324011  0.348675
   0.0200      0.329444  0.354522
   0.0300      0.335862  0.361428
   0.0400      0.342386  0.368449
   0.0500      0.347378  0.373821
   0.0600      0.354296  0.381265
   0.0700      0.359428  0.386788
   0.0800      0.366961  0.394895
   0.0900      0.372595  0.400958
   0.1000      0.377976  0.406748
   0.1100      0.384499  0.413768
   0.1200      0.390955  0.420715
   0.1300      0.395137  0.425215
   0.1400      0.402664  0.433315
   0.1500      0.407827  0.438871
   0.1600      0.415492  0.447120
   0.1700      0.422081  0.454211
   0.1800      0.426224  0.458668
   0.1900      0.434765  0.467859
   0.2000      0.440950  0.474515
   0.2100      0.445776  0.479709
   0.2200      0.453597  0.488125
   0.2300      0.459478  0.494454
   0.2400      0.465737  0.501190
   0.2500      0.472598  0.508573
   0.2600      0.478551  0.514979
   0.2700      0.483344  0.520136
   0.2800      0.491955  0.529404
   0.2900      0.498675  0.536634
   0.3000      0.504170  0.542548
   0.3100      0.510122  0.548953
   0.3200      0.518446  0.557911
   0.3300      0.523067  0.562883
   0.3400      0.530174  0.570531
   0.3500      0.539205  0.580249
   0.3600      0.542567  0.583868
   0.3700      0.548764  0.590536
   0.3800      0.557071  0.599476
   0.3900      0.564325  0.607282
   0.4000      0.569293  0.612628
   0.4100      0.576718  0.620618
   0.4200      0.584708  0.629217
   0.4300      0.588972  0.633805
   0.4400      0.597139  0.642594
   0.4500      0.604378  0.650384
   0.4600      0.609246  0.655622
   0.4700      0.615660  0.662525
   0.4800      0.624476  0.672012
   0.4900      0.627535  0.675304
   0.5000      0.634479  0.682776
   0.5100      0.641783  0.690636
   0.5200      0.647873  0.697190
   0.5300      0.652756  0.702444
   0.5400      0.657075  0.707092
   0.5500      0.664088  0.714638
   0.5600      0.670546  0.721588
   0.5700      0.680878  0.732707
   0.5800      0.687467  0.739798
   0.5900      0.694773  0.747660
   0.6000      0.697866  0.750989
   0.6100      0.704787  0.758436
   0.6200      0.710916  0.765032
   0.6300      0.717255  0.771853
   0.6400      0.725393  0.780611
   0.6500      0.734198  0.790085
   0.6600      0.741468  0.797909
   0.6700      0.745742  0.802508
   0.6800      0.752443  0.809720
   0.6900      0.759753  0.817586
   0.7000      0.769590  0.828171
   0.7100      0.776367  0.835465
   0.7200      0.784429  0.844140
   0.7300      0.787734  0.847697
   0.7400      0.795070  0.855591
   0.7500      0.801264  0.862257
   0.7600      0.809661  0.871293
   0.7700      0.816889  0.879071
   0.7800      0.824404  0.887159
   0.7900      0.830984  0.894240
   0.8000      0.834038  0.897526
   0.8100      0.842198  0.906307
   0.8200      0.848842  0.913456
   0.8300      0.859729  0.925173
   0.8400      0.867799  0.933857
   0.8500      0.874645  0.941224
   0.8600      0.879864  0.946840
   0.8700      0.888620  0.956262
   0.8800      0.896671  0.964926
   0.8900      0.905327  0.974242
   0.9000      0.912949  0.982444
   0.9100      0.920169  0.990213
   0.9200      0.924211  0.994563
   0.9300      0.932333  1.003303
   0.9400      0.940497  1.012088
   0.9500      0.949047  1.021289
   0.9600      0.957045  1.029896
   0.9700      0.964848  1.038293
   0.9800      0.972251  1.046260
   0.9900      0.970871  1.044774
   1.0000      0.970814  1.044714
   1.0100      0.971585  1.045543
   1.0200      0.974625  1.048815
   1.0300      0.976203  1.050513
   1.0400      0.977714  1.052139
   1.0500      0.979589  1.054156
   1.0600      0.981435  1.056142
   1.0700      0.982955  1.057779
   1.0800      0.980425  1.055055
   1.0900      0.981234  1.055927
   1.1000      0.982887  1.057705
   1.1100      0.984306  1.059233
   1.1200      0.985214  1.060210
   1.1300      0.986113  1.061177
   1.1400      0.987010  1.062142
   1.1500      0.988484  1.063728
   1.1600      0.989104  1.064395
   1.1700      0.989675  1.065010
   1.1800      0.990896  1.066324
   1.1900      0.991667  1.067153
   1.2000      0.992330  1.067867
   1.2100      0.990212  1.065588
   1.2200      0.991578  1.067057
   1.2300      0.991983  1.067494
   1.2400      0.992732  1.068300
   1.2500      0.993527  1.069155
   1.2600      0.993459  1.069082
   1.2700      0.993765  1.069411
   1.2800      0.995138  1.070889
   1.2900      0.995954  1.071767
   1.3000      0.995934  1.071745
   1.3100      0.997058  1.072954
   1.3200      0.997747  1.073697
   1.3300      0.998583  1.074596
   1.3400      0.996663  1.072530
   1.3500      0.998332  1.074326
   1.3600      0.998224  1.074210
   1.3700      0.998811  1.074842
   1.3800      0.999953  1.076071
   1.3900      1.000857  1.077043
   1.4000      1.001749  1.078003
   1.4100      1.001624  1.077869
   1.4200      1.001733  1.077985
   1.4300      1.001814  1.078072
   1.4400      1.002372  1.078673
   1.4500      1.002676  1.079001
   1.4600      1.002701  1.079028
   1.4700      1.001960  1.078230
   1.4800      1.002754  1.079085
   1.4900      1.003276  1.079646
   1.5000      1.003787  1.080196
   1.5100      1.003893  1.080310
   1.5200      1.004560  1.081028
   1.5300      1.004938  1.081435
   1.5400      1.005041  1.081546
   1.5500      1.005809  1.082372
   1.5600      1.005815  1.082378
   1.5700      1.005971  1.082546
   1.5800      1.006274  1.082873
   1.5900      1.006760  1.083396
   1.6000      1.006334  1.082937
   1.6100      1.007486  1.084176
   1.6200      1.007727  1.084436
   1.6300      1.008410  1.085171
   1.6400      1.009400  1.086237
   1.6500      1.009614  1.086467
   1.6600      1.010128  1.087020
   1.6700      1.011197  1.088171
   1.6800      1.011404  1.088392
   1.6900      1.011116  1.088083
   1.7000      1.011271  1.088250
   1.7100      1.010958  1.087913
   1.7200      1.010935  1.087888
   1.7300      1.011139  1.088107
   1.7400      1.011347  1.088331
   1.7500      1.011094  1.088060
   1.7600      1.011423  1.088413
   1.7700      1.011850  1.088872
   1.7800      1.012479  1.089550
   1.7900      1.013126  1.090245
   1.8000      1.012676  1.089762
   1.8100      1.012700  1.089787
   1.8200      1.012701  1.089789
   1.8300      1.012632  1.089715
   1.8400      1.012209  1.089260
   1.8500      1.011855  1.088878
   1.8600      1.011419  1.088409
   1.8700      1.011951  1.088982
   1.8800      1.011859  1.088883
   1.8900      1.011585  1.088588
   1.9000      1.011230  1.088206
   1.9100      1.011101  1.088066
   1.9200      1.011153  1.088122
   1.9300      1.011288  1.088268
   1.9400      1.011350  1.088335
   1.9500      1.011344  1.088328
   1.9600      1.010903  1.087853
   1.9700      1.010742  1.087681
   1.9800      1.010901  1.087851
   1.9900      1.010669  1.087601
   2.0000      1.010335  1.087242
   2.0100      1.010188  1.087085
   2.0200      1.009768  1.086632
   2.0300      1.010178  1.087074
   2.0400      1.009861  1.086732
   2.0500      1.009626  1.086480
   2.0600      1.009447  1.086287
   2.0700      1.008692  1.085475
   2.0800      1.008462  1.085227
   2.0900      1.007963  1.084690
   2.1000      1.008262  1.085012
   2.1100      1.007432  1.084118
   2.1200      1.007077  1.083736
   2.1300      1.007198  1.083867
   2.1400      1.006893  1.083538
   2.1500      1.006553  1.083173
   2.1600      1.006255  1.082852
   2.1700      1.006196  1.082788
   2.1800      1.006167  1.082758
   2.1900      1.005873  1.082441
   2.2000      1.005886  1.082455
   2.2100      1.005546  1.082089
   2.2200      1.005082  1.081589
   2.2300      1.005112  1.081622
   2.2400      1.004861  1.081352
   2.2500      1.004779  1.081263
   2.2600      1.005104  1.081614
   2.2700      1.004722  1.081203
   2.2800      1.004901  1.081395
   2.2900      1.004630  1.081104
   2.3000      1.004449  1.080909
   2.3100      1.004280  1.080727
   2.3200      1.004441  1.080900
   2.3300      1.004519  1.080984
   2.3400      1.004523  1.080989
   2.3500      1.004422  1.080880
   2.3600      1.004641  1.081115
   2.3700      1.004693  1.081172
   2.3800      1.004985  1.081486
   2.3900      1.005095  1.081603
   2.4000      1.004738  1.081220
   2.4100      1.004422  1.080880
   2.4200      1.004159  1.080596
   2.4300      1.004410  1.080866
   2.4400      1.004409  1.080866
   2.4500      1.004273  1.080719
   2.4600      1.003831  1.080243
   2.4700      1.003643  1.080041
   2.4800      1.003757  1.080164
   2.4900      1.003709  1.080112
   2.5000      1.003363  1.079740
   2.5100      1.003255  1.079624
   2.5200      1.003189  1.079553
   2.5300      1.002960  1.079306
   2.5400      1.003025  1.079376
   2.5500      1.002984  1.079332
   2.5600      1.003080  1.079435
   2.5700      1.003259  1.079628
   2.5800      1.003550  1.079941
   2.5900      1.003137  1.079497
   2.6000      1.002863  1.079202
   2.6100      1.002868  1.079208
   2.6200      1.002899  1.079240
   2.6300      1.003045  1.079397
   2.6400      1.003148  1.079509
   2.6500      1.003195  1.079559
   2.6600      1.003043  1.079396
   2.6700      1.002950  1.079295
   2.6800      1.002942  1.079287
   2.6900      1.002963  1.079309
   2.7000      1.003228  1.079594
   2.7100      1.003276  1.079646
   2.7200      1.003051  1.079404
   2.7300      1.003245  1.079612
   2.7400      1.003383  1.079761
   2.7500      1.003525  1.079914
   2.7600      1.003061  1.079415
   2.7700      1.003393  1.079772
   2.7800      1.003150  1.079511
   2.7900      1.003239  1.079607
   2.8000      1.003143  1.079504
   2.8100      1.002833  1.079169
   2.8200      1.002782  1.079115
   2.8300      1.002563  1.078879
   2.8400      1.002276  1.078570
   2.8500      1.002183  1.078470
   2.8600      1.002238  1.078529
   2.8700      1.002296  1.078592
   2.8800      1.002097  1.078377
   2.8900      1.002488  1.078799
   2.9000      1.002838  1.079175
   2.9100      1.003175  1.079538
   2.9200      1.003110  1.079468
   2.9300      1.003003  1.079353
   2.9400      1.002853  1.079191
   2.9500      1.002710  1.079037
   2.9600      1.002704  1.079031
   2.9700      1.002706  1.079033
   2.9800      1.002811  1.079146
   2.9900      1.003021  1.079372
   3.0000      1.002849  1.079187
   3.0100      1.002558  1.078873
   3.0200      1.002462  1.078770
   3.0300      1.002461  1.078769
   3.0400      1.002364  1.078665
   3.0500      1.002361  1.078661
   3.0600      1.002242  1.078534
   3.0700      1.002222  1.078512
   3.0800      1.002327  1.078626
   3.0900      1.002202  1.078491
   3.1000      1.002223  1.078513
   3.1100      1.002224  1.078514
   3.1200      1.002239  1.078530
   3.1300      1.002268  1.078561
   3.1400      1.002343  1.078642
   3.1500      1.002439  1.078746
   3.1600      1.002611  1.078931
   3.1700      1.002688  1.079013
   3.1800      1.002766  1.079098
   3.1900      1.002638  1.078960
   3.2000      1.002559  1.078875
   3.2100      1.002429  1.078735
   3.2200      1.002587  1.078905
   3.2300      1.002448  1.078755
   3.2400      1.002096  1.078377
   3.2500      1.002237  1.078528
   3.2600      1.002091  1.078371
   3.2700      1.002207  1.078496
   3.2800      1.002163  1.078449
   3.2900      1.001923  1.078190
   3.3000      1.002187  1.078474
   3.3100      1.002048  1.078325
   3.3200      1.001883  1.078147
   3.3300      1.001698  1.077948
   3.3400      1.001779  1.078035
   3.3500      1.001930  1.078198
   3.3600      1.001820  1.078080
   3.3700      1.001641  1.077886
   3.3800      1.001628  1.077873
   3.3900      1.001684  1.077934
   3.4000      1.001668  1.077916
   3.4100      1.001828  1.078088
   3.4200      1.001646  1.077892
   3.4300      1.001874  1.078138
   3.4400      1.001772  1.078028
   3.4500      1.001845  1.078106
   3.4600      1.001927  1.078194
   3.4700      1.001838  1.078099
   3.4800      1.001889  1.078154
   3.4900      1.001646  1.077893
   3.5000      1.001546  1.077785
   3.5100      1.001557  1.077796
   3.5200      1.001723  1.077975
   3.5300      1.001649  1.077895
   3.5400      1.001701  1.077952
   3.5500      1.001792  1.078049
   3.5600      1.001867  1.078130
   3.5700      1.001791  1.078048
   3.5800      1.001695  1.077945
   3.5900      1.001601  1.077844
   3.6000      1.001501  1.077736
   3.6100      1.001456  1.077688
   3.6200      1.001359  1.077583
   3.6300      1.001266  1.077483
   3.6400      1.001298  1.077518
   3.6500      1.001303  1.077523
   3.6600      1.001171  1.077381
   3.6700      1.001170  1.077380
   3.6800      1.001135  1.077342
   3.6900      1.001108  1.077314
   3.7000      1.001237  1.077452
   3.7100      1.001221  1.077435
   3.7200      1.001055  1.077256
   3.7300      1.001127  1.077334
   3.7400      1.001255  1.077472
   3.7500      1.001300  1.077519
   3.7600      1.001181  1.077392
   3.7700      1.001132  1.077339
   3.7800      1.001262  1.077479
   3.7900      1.001115  1.077321
   3.8000      1.001002  1.077199
   3.8100      1.001048  1.077248
   3.8200      1.001031  1.077231
   3.8300      1.001063  1.077265
   3.8400      1.001066  1.077268
   3.8500      1.000965  1.077159
   3.8600      1.000804  1.076986
   3.8700      1.000865  1.077052
   3.8800      1.000942  1.077135
   3.8900      1.000918  1.077109
   3.9000      1.000968  1.077163
   3.9100      1.000982  1.077177
   3.9200      1.000882  1.077069
   3.9300      1.000878  1.077066
   3.9400      1.001019  1.077217
   3.9500      1.001001  1.077198
   3.9600      1.000914  1.077104
   3.9700      1.000962  1.077156
   3.9800      1.001065  1.077266
   3.9900      1.001024  1.077223
   4.0000      1.001107  1.077312
   4.0100      1.001100  1.077305
   4.0200      1.001074  1.077276
   4.0300      1.001089  1.077293
   4.0400      1.000912  1.077102
   4.0500      1.000909  1.077099
   4.0600      1.000791  1.076972
   4.0700      1.000773  1.076953
   4.0800      1.000791  1.076972
   4.0900      1.000712  1.076887
   4.1000      1.000538  1.076700
   4.1100      1.000535  1.076696
   4.1200      1.000471  1.076628
   4.1300      1.000498  1.076657
   4.1400      1.000591  1.076757
   4.1500      1.000557  1.076720
   4.1600      1.000549  1.076712
   4.1700      1.000544  1.076706
   4.1800      1.000497  1.076656
   4.1900      1.000516  1.076676
   4.2000      1.000525  1.076686
   4.2100      1.000499  1.076658
   4.2200      1.000568  1.076732
   4.2300      1.000440  1.076594
   4.2400      1.000344  1.076491
   4.2500      1.000212  1.076349
   4.2600      1.000183  1.076318
   4.2700      1.000248  1.076388
   4.2800      1.000264  1.076405
   4.2900      1.000183  1.076318
   4.3000      1.000115  1.076244
   4.3100      1.000026  1.076148
   4.3200      1.000084  1.076211
   4.3300      1.000139  1.076270
   4.3400      1.000240  1.076379
   4.3500      1.000308  1.076453
   4.3600      1.000376  1.076525
   4.3700      1.000292  1.076435
   4.3800      1.000250  1.076390
   4.3900      1.000243  1.076383
   4.4000      1.000019  1.076141
   4.4100      1.000046  1.076170
   4.4200      1.000029  1.076152
   4.4300      1.000042  1.076166
   4.4400      0.999939  1.076056
   4.4500      0.999844  1.075953
   4.4600      0.999852  1.075962
   4.4700      0.999911  1.076025
   4.4800      0.999847  1.075957
   4.4900      0.999768  1.075872
   4.5000      0.999710  1.075808
   4.5100      0.999872  1.075984
   4.5200      0.999775  1.075879
   4.5300      0.999853  1.075963
   4.5400      0.999829  1.075937
   4.5500      0.999865  1.075975
   4.5600      0.999816  1.075923
   4.5700      0.999736  1.075837
   4.5800      0.999594  1.075684
   4.5900      0.999637  1.075731
   4.6000      0.999634  1.075727
   4.6100      0.999648  1.075742
   4.6200      0.999650  1.075744
   4.6300      0.999620  1.075711
   4.6400      0.999734  1.075835
   4.6500      0.999739  1.075840
   4.6600      0.999651  1.075745
   4.6700      0.999680  1.075777
   4.6800      0.999608  1.075699
   4.6900      0.999591  1.075680
   4.7000      0.999647  1.075741
   4.7100      0.999653  1.075748
   4.7200      0.999577  1.075666
   4.7300      0.999504  1.075588
   4.7400      0.999521  1.075606
   4.7500      0.999674  1.075770
   4.7600      0.999535  1.075621
   4.7700      0.999600  1.075690
   4.7800      0.999647  1.075740
   4.7900      0.999685  1.075782
   4.8000      0.999745  1.075846
   4.8100      0.999649  1.075743
   4.8200      0.999539  1.075625
   4.8300      0.999460  1.075540
   4.8400      0.999440  1.075518
   4.8500      0.999448  1.075527
   4.8600      0.999613  1.075704
   4.8700      0.999579  1.075668
   4.8800      0.999436  1.075514
   4.8900      0.999500  1.075583
   4.9000      0.999500  1.075583
   4.9100      0.999455  1.075534
   4.9200      0.999464  1.075544
   4.9300      0.999419  1.075495
   4.9400      0.999400  1.075476
   4.9500      0.999355  1.075427
   4.9600      0.999373  1.075446
   4.9700      0.999360  1.075432
   4.9800      0.999314  1.075382
   4.9900      0.999256  1.075320
   5.0000      0.999260  1.075324
