   0.0000    0.005737
   0.0100    0.018162
   0.0200    0.017707
   0.0300    0.018891
   0.0400    0.025345
   0.0500    0.032911
   0.0600    0.033057
   0.0700    0.039860
   0.0800    0.048385
   0.0900    0.051905
   0.1000    0.054387
   0.1100    0.058801
   0.1200    0.069144
   0.1300    0.075489
   0.1400    0.082516
   0.1500    0.090144
   0.1600    0.100140
   0.1700    0.108423
   0.1800    0.112194
   0.1900    0.114593
   0.2000    0.129268
   0.2100    0.140998
   0.2200    0.147262
   0.2300    0.164489
   0.2400    0.167339
   0.2500    0.176810
   0.2600    0.193358
   0.2700    0.198767
   0.2800    0.199023
   0.2900    0.208088
   0.3000    0.212753
   0.3100    0.226847
   0.3200    0.236517
   0.3300    0.245301
   0.3400    0.263850
   0.3500    0.279336
   0.3600    0.294387
   0.3700    0.309009
   0.3800    0.308545
   0.3900    0.318539
   0.4000    0.333303
   0.4100    0.350651
   0.4200    0.364938
   0.4300    0.372801
   0.4400    0.392536
   0.4500    0.408761
   0.4600    0.420963
   0.4700    0.423413
   0.4800    0.443165
   0.4900    0.466473
   0.5000    0.481655
   0.5100    0.504283
   0.5200    0.512785
   0.5300    0.533713
   0.5400    0.557123
   0.5500    0.572578
   0.5600    0.594774
   0.5700    0.598275
   0.5800    0.617444
   0.5900    0.633453
   0.6000    0.657290
   0.6100    0.664550
   0.6200    0.691068
   0.6300    0.711595
   0.6400    0.731474
   0.6500    0.737954
   0.6600    0.744232
   0.6700    0.740170
   0.6800    0.761608
   0.6900    0.771516
   0.7000    0.770544
   0.7100    0.778784
   0.7200    0.783126
   0.7300    0.791010
   0.7400    0.809351
   0.7500    0.816319
   0.7600    0.818914
   0.7700    0.826014
   0.7800    0.843556
   0.7900    0.854942
   0.8000    0.864213
   0.8100    0.868111
   0.8200    0.881031
   0.8300    0.885529
   0.8400    0.889200
   0.8500    0.897886
   0.8600    0.899243
   0.8700    0.902555
   0.8800    0.909970
   0.8900    0.911468
   0.9000    0.923798
   0.9100    0.928069
   0.9200    0.923732
   0.9300    0.924414
   0.9400    0.926267
   0.9500    0.932651
   0.9600    0.930870
   0.9700    0.936968
   0.9800    0.944507
   0.9900    0.945804
   1.0000    0.944810
   1.0100    0.947710
   1.0200    0.952419
   1.0300    0.952011
   1.0400    0.952155
   1.0500    0.958642
   1.0600    0.965760
   1.0700    0.967423
   1.0800    0.967201
   1.0900    0.968465
   1.1000    0.970727
   1.1100    0.974469
   1.1200    0.990947
   1.1300    0.991329
   1.1400    0.986510
   1.1500    0.992966
   1.1600    1.000679
   1.1700    1.005906
   1.1800    1.008613
   1.1900    1.004992
   1.2000    1.003781
   1.2100    1.010219
   1.2200    1.016164
   1.2300    1.023995
   1.2400    1.030542
   1.2500    1.033979
   1.2600    1.036373
   1.2700    1.041154
   1.2800    1.049993
   1.2900    1.050064
   1.3000    1.053538
   1.3100    1.055347
   1.3200    1.063173
   1.3300    1.063962
   1.3400    1.061701
   1.3500    1.069527
   1.3600    1.077415
   1.3700    1.081676
   1.3800    1.083779
   1.3900    1.086662
   1.4000    1.090012
   1.4100    1.090248
   1.4200    1.093884
   1.4300    1.096539
   1.4400    1.095832
   1.4500    1.099810
   1.4600    1.101524
   1.4700    1.099576
   1.4800    1.104823
   1.4900    1.104913
   1.5000    1.112887
   1.5100    1.112917
   1.5200    1.114910
   1.5300    1.116153
   1.5400    1.119609
   1.5500    1.124341
   1.5600    1.129396
   1.5700    1.136500
   1.5800    1.140235
   1.5900    1.145211
   1.6000    1.144028
   1.6100    1.152952
   1.6200    1.158374
   1.6300    1.156287
   1.6400    1.159393
   1.6500    1.161316
   1.6600    1.157464
   1.6700    1.164337
   1.6800    1.167277
   1.6900    1.166822
   1.7000    1.169449
   1.7100    1.180808
   1.7200    1.183360
   1.7300    1.189624
   1.7400    1.183380
   1.7500    1.180177
   1.7600    1.182341
   1.7700    1.181993
   1.7800    1.189322
   1.7900    1.192572
   1.8000    1.196998
   1.8100    1.202783
   1.8200    1.206586
   1.8300    1.205702
   1.8400    1.205570
   1.8500    1.201954
   1.8600    1.205956
   1.8700    1.207868
   1.8800    1.210777
   1.8900    1.213272
   1.9000    1.213489
   1.9100    1.213579
   1.9200    1.217670
   1.9300    1.219577
   1.9400    1.217857
   1.9500    1.221602
   1.9600    1.223502
   1.9700    1.220835
   1.9800    1.225241
   1.9900    1.231637
   2.0000    1.238819
   2.0100    1.236755
   2.0200    1.238165
   2.0300    1.238509
   2.0400    1.240780
   2.0500    1.247560
   2.0600    1.248175
   2.0700    1.251572
   2.0800    1.256997
   2.0900    1.265492
   2.1000    1.269824
   2.1100    1.268297
   2.1200    1.269744
   2.1300    1.271493
   2.1400    1.275912
   2.1500    1.274345
   2.1600    1.271864
   2.1700    1.272238
   2.1800    1.269245
   2.1900    1.270990
   2.2000    1.273827
   2.2100    1.277680
   2.2200    1.277192
   2.2300    1.276981
   2.2400    1.280525
   2.2500    1.278437
   2.2600    1.277100
   2.2700    1.276201
   2.2800    1.277362
   2.2900    1.280372
   2.3000    1.280636
   2.3100    1.283105
   2.3200    1.290603
   2.3300    1.290325
   2.3400    1.290714
   2.3500    1.296183
   2.3600    1.294772
   2.3700    1.294193
   2.3800    1.292662
   2.3900    1.299400
   2.4000    1.295732
   2.4100    1.297857
   2.4200    1.299753
   2.4300    1.298822
   2.4400    1.296026
   2.4500    1.297355
   2.4600    1.297964
   2.4700    1.302601
   2.4800    1.300480
   2.4900    1.307629
   2.5000    1.311058
   2.5100    1.309771
   2.5200    1.323568
   2.5300    1.320109
   2.5400    1.320438
   2.5500    1.322265
   2.5600    1.318272
   2.5700    1.319776
   2.5800    1.315921
   2.5900    1.316172
   2.6000    1.316381
   2.6100    1.314518
   2.6200    1.313305
   2.6300    1.319584
   2.6400    1.317932
   2.6500    1.315564
   2.6600    1.313668
   2.6700    1.310553
   2.6800    1.308543
   2.6900    1.306827
   2.7000    1.304880
   2.7100    1.305681
   2.7200    1.305165
   2.7300    1.305730
   2.7400    1.304225
   2.7500    1.299525
   2.7600    1.300639
   2.7700    1.301790
   2.7800    1.295874
   2.7900    1.291885
   2.8000    1.295658
   2.8100    1.292629
   2.8200    1.287736
   2.8300    1.285891
   2.8400    1.286050
   2.8500    1.281108
   2.8600    1.278206
   2.8700    1.281739
   2.8800    1.277593
   2.8900    1.275233
   2.9000    1.273294
   2.9100    1.267739
   2.9200    1.266724
   2.9300    1.260390
   2.9400    1.255629
   2.9500    1.254655
   2.9600    1.247331
   2.9700    1.246723
   2.9800    1.239601
   2.9900    1.236771
   3.0000    1.237664
   3.0100    1.233486
   3.0200    1.229834
   3.0300    1.225264
   3.0400    1.224164
   3.0500    1.222762
   3.0600    1.219359
   3.0700    1.217292
   3.0800    1.210988
   3.0900    1.208567
   3.1000    1.213415
   3.1100    1.210391
   3.1200    1.209228
   3.1300    1.208159
   3.1400    1.206372
   3.1500    1.208424
   3.1600    1.206084
   3.1700    1.205560
   3.1800    1.202837
   3.1900    1.194887
   3.2000    1.190627
   3.2100    1.190853
   3.2200    1.188825
   3.2300    1.182482
   3.2400    1.179198
   3.2500    1.179754
   3.2600    1.176988
   3.2700    1.177562
   3.2800    1.173219
   3.2900    1.170588
   3.3000    1.167974
   3.3100    1.162759
   3.3200    1.155717
   3.3300    1.154615
   3.3400    1.149967
   3.3500    1.146891
   3.3600    1.142358
   3.3700    1.140183
   3.3800    1.139535
   3.3900    1.133440
   3.4000    1.132658
   3.4100    1.126765
   3.4200    1.127076
   3.4300    1.125751
   3.4400    1.122277
   3.4500    1.123979
   3.4600    1.128245
   3.4700    1.126408
   3.4800    1.127294
   3.4900    1.124399
   3.5000    1.123131
   3.5100    1.116356
   3.5200    1.114900
   3.5300    1.114453
   3.5400    1.108363
   3.5500    1.104219
   3.5600    1.104079
   3.5700    1.102755
   3.5800    1.097248
   3.5900    1.096394
   3.6000    1.092924
   3.6100    1.093268
   3.6200    1.090320
   3.6300    1.086783
   3.6400    1.082474
   3.6500    1.075457
   3.6600    1.071851
   3.6700    1.070273
   3.6800    1.063151
   3.6900    1.059083
   3.7000    1.054815
   3.7100    1.050657
   3.7200    1.047903
   3.7300    1.044559
   3.7400    1.042565
   3.7500    1.040125
   3.7600    1.039252
   3.7700    1.037949
   3.7800    1.038896
   3.7900    1.037106
   3.8000    1.034657
   3.8100    1.039332
   3.8200    1.041615
   3.8300    1.038033
   3.8400    1.032148
   3.8500    1.027569
   3.8600    1.027270
   3.8700    1.021788
   3.8800    1.016850
   3.8900    1.017787
   3.9000    1.017681
   3.9100    1.015663
   3.9200    1.016712
   3.9300    1.018975
   3.9400    1.017768
   3.9500    1.017565
   3.9600    1.015386
   3.9700    1.012521
   3.9800    1.013448
   3.9900    1.011227
   4.0000    1.009372
   4.0100    1.008795
   4.0200    1.007417
   4.0300    1.006730
   4.0400    1.006171
   4.0500    1.005057
   4.0600    1.007410
   4.0700    1.007440
   4.0800    1.004615
   4.0900    0.999532
   4.1000    0.995504
   4.1100    0.995449
   4.1200    0.993841
   4.1300    0.991592
   4.1400    0.995858
   4.1500    0.989853
   4.1600    0.984304
   4.1700    0.991241
   4.1800    0.988992
   4.1900    0.993731
   4.2000    0.993170
   4.2100    0.996212
   4.2200    1.001044
   4.2300    0.999432
   4.2400    1.000754
   4.2500    1.001347
   4.2600    1.001644
   4.2700    1.005393
   4.2800    1.007717
   4.2900    1.007103
   4.3000    1.010698
   4.3100    1.015309
   4.3200    1.016212
   4.3300    1.014741
   4.3400    1.017248
   4.3500    1.014441
   4.3600    1.014859
   4.3700    1.011036
   4.3800    1.011927
   4.3900    1.008657
   4.4000    1.008184
   4.4100    0.999083
   4.4200    1.001268
   4.4300    1.004315
   4.4400    1.009286
   4.4500    1.007126
   4.4600    1.011486
   4.4700    1.010326
   4.4800    1.012147
   4.4900    1.012051
   4.5000    1.012382
   4.5100    1.010202
   4.5200    1.013713
   4.5300    1.005518
   4.5400    1.003407
   4.5500    1.011287
   4.5600    1.009269
   4.5700    1.008263
   4.5800    1.007948
   4.5900    1.012301
   4.6000    1.015709
   4.6100    1.014288
   4.6200    1.011705
   4.6300    1.008485
   4.6400    1.010432
   4.6500    1.010940
   4.6600    1.007804
   4.6700    1.005995
   4.6800    1.003687
   4.6900    1.003082
   4.7000    0.998465
   4.7100    0.997533
   4.7200    0.996889
   4.7300    0.998928
   4.7400    1.002281
   4.7500    1.004392
   4.7600    1.000096
   4.7700    1.001975
   4.7800    1.000294
   4.7900    0.997712
   4.8000    0.993014
   4.8100    0.992124
   4.8200    0.994919
   4.8300    0.990512
   4.8400    0.991905
   4.8500    0.993726
   4.8600    0.994402
   4.8700    0.991771
   4.8800    0.991836
   4.8900    0.989693
   4.9000    0.988429
   4.9100    0.989385
   4.9200    0.990211
   4.9300    0.990358
   4.9400    0.989237
   4.9500    0.990232
   4.9600    0.988502
   4.9700    0.989439
   4.9800    0.989357
   4.9900    0.988791
   5.0000    0.986419
