 ETA_AV=  0.081201829
   0.0000      0.296770  0.365472
   0.0200      0.304345  0.374800
   0.0400      0.312744  0.385144
   0.0600      0.322781  0.397505
   0.0800      0.332986  0.410072
   0.1000      0.340619  0.419472
   0.1200      0.350746  0.431943
   0.1400      0.360588  0.444063
   0.1600      0.372278  0.458460
   0.1800      0.384272  0.473231
   0.2000      0.393692  0.484832
   0.2200      0.404116  0.497668
   0.2400      0.414421  0.510359
   0.2600      0.423877  0.522004
   0.2800      0.435883  0.536790
   0.3000      0.441604  0.543835
   0.3200      0.450292  0.554534
   0.3400      0.463812  0.571184
   0.3600      0.472935  0.582419
   0.3800      0.486487  0.599109
   0.4000      0.494933  0.609510
   0.4200      0.501568  0.617680
   0.4400      0.514655  0.633798
   0.4600      0.520109  0.640513
   0.4800      0.528430  0.650761
   0.5000      0.540606  0.665756
   0.5200      0.553110  0.681154
   0.5400      0.558452  0.687733
   0.5600      0.571141  0.703360
   0.5800      0.581015  0.715520
   0.6000      0.589407  0.725854
   0.6200      0.600389  0.739379
   0.6400      0.613448  0.755460
   0.6600      0.620402  0.764024
   0.6800      0.631740  0.777987
   0.7000      0.645518  0.794954
   0.7200      0.652601  0.803677
   0.7400      0.661957  0.815199
   0.7600      0.675639  0.832049
   0.7800      0.685141  0.843751
   0.8000      0.693276  0.853769
   0.8200      0.709762  0.874072
   0.8400      0.719975  0.886649
   0.8600      0.727815  0.896303
   0.8800      0.743335  0.915417
   0.9000      0.756647  0.931810
   0.9200      0.763794  0.940612
   0.9400      0.776388  0.956121
   0.9600      0.790971  0.974080
   0.9800      0.788067  0.970504
   1.0000      0.789388  0.972131
   1.0200      0.796899  0.981380
   1.0400      0.798433  0.983269
   1.0600      0.801196  0.986672
   1.0800      0.799884  0.985057
   1.1000      0.802537  0.988324
   1.1200      0.806137  0.992758
   1.1400      0.810863  0.998577
   1.1600      0.812671  1.000804
   1.1800      0.813296  1.001573
   1.2000      0.811775  0.999701
   1.2200      0.810869  0.998585
   1.2400      0.813240  1.001504
   1.2600      0.814419  1.002956
   1.2800      0.817899  1.007243
   1.3000      0.819336  1.009012
   1.3200      0.821015  1.011080
   1.3400      0.819936  1.009751
   1.3600      0.823066  1.013605
   1.3800      0.824259  1.015074
   1.4000      0.825684  1.016829
   1.4200      0.827175  1.018665
   1.4400      0.828445  1.020230
   1.4600      0.828642  1.020472
   1.4800      0.829911  1.022035
   1.5000      0.832935  1.025759
   1.5200      0.832850  1.025655
   1.5400      0.833793  1.026816
   1.5600      0.834224  1.027347
   1.5800      0.834258  1.027388
   1.6000      0.832970  1.025802
   1.6200      0.835047  1.028360
   1.6400      0.836367  1.029985
   1.6600      0.839329  1.033633
   1.6800      0.839958  1.034407
   1.7000      0.841506  1.036314
   1.7200      0.842432  1.037455
   1.7400      0.842095  1.037039
   1.7600      0.842819  1.037931
   1.7800      0.845456  1.041179
   1.8000      0.845506  1.041240
   1.8200      0.843920  1.039287
   1.8400      0.842316  1.037312
   1.8600      0.842510  1.037550
   1.8800      0.843168  1.038361
   1.9000      0.843634  1.038935
   1.9200      0.844009  1.039396
   1.9400      0.845648  1.041415
   1.9600      0.847577  1.043790
   1.9800      0.846299  1.042216
   2.0000      0.846056  1.041918
   2.0200      0.847109  1.043214
   2.0400      0.846546  1.042521
   2.0600      0.846201  1.042096
   2.0800      0.847215  1.043344
   2.1000      0.847773  1.044032
   2.1200      0.847363  1.043527
   2.1400      0.847913  1.044204
   2.1600      0.848744  1.045228
   2.1800      0.848075  1.044404
   2.2000      0.848125  1.044466
   2.2200      0.848117  1.044455
   2.2400      0.848686  1.045156
   2.2600      0.849028  1.045578
   2.2800      0.848357  1.044752
   2.3000      0.848088  1.044420
   2.3200      0.848779  1.045270
   2.3400      0.847747  1.044000
   2.3600      0.848519  1.044951
   2.3800      0.849043  1.045595
   2.4000      0.848839  1.045345
   2.4200      0.848660  1.045124
   2.4400      0.848748  1.045233
   2.4600      0.848613  1.045067
   2.4800      0.848529  1.044963
   2.5000      0.849161  1.045741
   2.5200      0.848501  1.044929
   2.5400      0.848483  1.044907
   2.5600      0.849993  1.046765
   2.5800      0.849611  1.046295
   2.6000      0.849970  1.046737
   2.6200      0.850419  1.047290
   2.6400      0.850643  1.047566
   2.6600      0.850990  1.047994
   2.6800      0.851282  1.048354
   2.7000      0.851208  1.048263
   2.7200      0.851525  1.048652
   2.7400      0.851213  1.048268
   2.7600      0.852909  1.050357
   2.7800      0.853026  1.050501
   2.8000      0.853260  1.050789
   2.8200      0.853712  1.051345
   2.8400      0.854025  1.051731
   2.8600      0.853627  1.051242
   2.8800      0.854545  1.052371
   2.9000      0.855358  1.053372
   2.9200      0.855114  1.053073
   2.9400      0.854773  1.052652
   2.9600      0.855187  1.053162
   2.9800      0.856092  1.054277
   3.0000      0.855752  1.053858
   3.0200      0.856050  1.054225
   3.0400      0.855897  1.054037
   3.0600      0.856197  1.054406
   3.0800      0.855581  1.053647
   3.1000      0.855056  1.053001
   3.1200      0.855412  1.053439
   3.1400      0.856016  1.054183
   3.1600      0.856593  1.054893
   3.1800      0.857069  1.055480
   3.2000      0.856942  1.055324
   3.2200      0.856344  1.054587
   3.2400      0.856446  1.054712
   3.2600      0.856258  1.054481
   3.2800      0.855848  1.053976
   3.3000      0.855484  1.053527
   3.3200      0.856193  1.054401
   3.3400      0.855876  1.054011
   3.3600      0.855106  1.053062
   3.3800      0.854587  1.052424
   3.4000      0.854793  1.052678
   3.4200      0.854787  1.052670
   3.4400      0.854737  1.052609
   3.4600      0.855230  1.053216
   3.4800      0.855021  1.052958
   3.5000      0.855373  1.053392
   3.5200      0.855790  1.053904
   3.5400      0.855889  1.054026
   3.5600      0.856148  1.054346
   3.5800      0.856280  1.054508
   3.6000      0.855816  1.053937
   3.6200      0.856122  1.054314
   3.6400      0.855877  1.054012
   3.6600      0.855112  1.053069
   3.6800      0.856072  1.054252
   3.7000      0.855604  1.053675
   3.7200      0.855962  1.054117
   3.7400      0.856131  1.054324
   3.7600      0.856135  1.054330
   3.7800      0.856178  1.054382
   3.8000      0.856048  1.054222
   3.8200      0.856478  1.054752
   3.8400      0.856438  1.054703
   3.8600      0.856496  1.054775
   3.8800      0.856607  1.054911
   3.9000      0.856711  1.055040
   3.9200      0.856774  1.055117
   3.9400      0.856737  1.055071
   3.9600      0.857446  1.055944
   3.9800      0.857479  1.055985
   4.0000      0.857342  1.055816
   4.0200      0.857141  1.055568
   4.0400      0.856766  1.055106
   4.0600      0.856997  1.055391
   4.0800      0.856456  1.054725
   4.1000      0.856029  1.054199
   4.1200      0.856224  1.054439
   4.1400      0.856523  1.054808
   4.1600      0.856528  1.054813
   4.1800      0.856488  1.054764
   4.2000      0.856350  1.054595
   4.2200      0.856036  1.054208
   4.2400      0.856038  1.054210
   4.2600      0.855923  1.054068
   4.2800      0.855897  1.054036
   4.3000      0.855950  1.054102
   4.3200      0.855987  1.054147
   4.3400      0.856168  1.054370
   4.3600      0.856247  1.054468
   4.3800      0.855866  1.053998
   4.4000      0.856054  1.054230
   4.4200      0.855822  1.053944
   4.4400      0.855311  1.053315
   4.4600      0.855179  1.053152
   4.4800      0.855086  1.053038
   4.5000      0.855184  1.053158
   4.5200      0.855491  1.053536
   4.5400      0.855230  1.053216
   4.5600      0.854982  1.052909
   4.5800      0.854722  1.052590
   4.6000      0.854681  1.052539
   4.6200      0.854684  1.052543
   4.6400      0.854593  1.052430
   4.6600      0.854730  1.052599
   4.6800      0.854821  1.052712
   4.7000      0.854990  1.052919
   4.7200      0.854963  1.052886
   4.7400      0.854916  1.052829
   4.7600      0.855231  1.053216
   4.7800      0.855270  1.053264
   4.8000      0.855106  1.053063
   4.8200      0.855175  1.053147
   4.8400      0.855366  1.053382
   4.8600      0.855397  1.053420
   4.8800      0.855390  1.053412
   4.9000      0.855362  1.053377
   4.9200      0.855379  1.053398
   4.9400      0.855317  1.053323
   4.9600      0.855340  1.053350
   4.9800      0.855527  1.053581
   5.0000      0.855591  1.053660
   5.0200      0.855416  1.053444
   5.0400      0.855532  1.053588
   5.0600      0.855552  1.053612
   5.0800      0.855455  1.053492
   5.1000      0.855573  1.053638
   5.1200      0.855252  1.053242
   5.1400      0.855050  1.052994
   5.1600      0.855168  1.053139
   5.1800      0.855339  1.053349
   5.2000      0.855448  1.053484
   5.2200      0.855350  1.053363
   5.2400      0.855472  1.053514
   5.2600      0.855296  1.053297
   5.2800      0.855329  1.053337
   5.3000      0.855178  1.053152
   5.3200      0.854755  1.052631
   5.3400      0.854788  1.052671
   5.3600      0.854645  1.052494
   5.3800      0.854451  1.052256
   5.4000      0.854537  1.052362
   5.4200      0.854573  1.052406
   5.4400      0.854374  1.052161
   5.4600      0.854257  1.052017
   5.4800      0.854302  1.052073
   5.5000      0.854342  1.052121
   5.5200      0.854192  1.051937
   5.5400      0.854119  1.051846
   5.5600      0.853981  1.051677
   5.5800      0.854056  1.051770
   5.6000      0.854039  1.051749
   5.6200      0.853822  1.051481
   5.6400      0.853811  1.051468
   5.6600      0.853759  1.051404
   5.6800      0.853571  1.051172
   5.7000      0.853529  1.051121
   5.7200      0.853391  1.050951
   5.7400      0.853417  1.050983
   5.7600      0.853484  1.051065
   5.7800      0.853400  1.050961
   5.8000      0.853515  1.051104
   5.8200      0.853546  1.051141
   5.8400      0.853699  1.051330
   5.8600      0.853704  1.051336
   5.8800      0.853842  1.051506
   5.9000      0.854101  1.051825
   5.9200      0.854253  1.052011
   5.9400      0.854154  1.051891
   5.9600      0.854181  1.051924
   5.9800      0.854073  1.051791
   6.0000      0.854079  1.051797
   6.0200      0.854036  1.051745
   6.0400      0.853944  1.051631
   6.0600      0.853973  1.051667
   6.0800      0.854041  1.051750
   6.1000      0.854145  1.051879
   6.1200      0.854043  1.051753
   6.1400      0.854070  1.051787
   6.1600      0.854109  1.051834
   6.1800      0.854265  1.052026
   6.2000      0.854232  1.051986
   6.2200      0.854210  1.051959
   6.2400      0.854261  1.052022
   6.2600      0.854294  1.052063
   6.2800      0.854221  1.051972
   6.3000      0.854139  1.051872
   6.3200      0.854056  1.051769
   6.3400      0.854028  1.051735
   6.3600      0.854014  1.051717
   6.3800      0.854057  1.051771
   6.4000      0.854008  1.051711
   6.4200      0.853985  1.051682
   6.4400      0.853927  1.051611
   6.4600      0.853879  1.051552
   6.4800      0.853822  1.051481
   6.5000      0.853736  1.051375
   6.5200      0.853826  1.051487
   6.5400      0.853782  1.051432
   6.5600      0.853711  1.051344
   6.5800      0.853616  1.051228
   6.6000      0.853651  1.051271
   6.6200      0.853630  1.051244
   6.6400      0.853623  1.051236
   6.6600      0.853689  1.051318
   6.6800      0.853689  1.051317
   6.7000      0.853848  1.051513
   6.7200      0.853821  1.051480
   6.7400      0.853732  1.051370
   6.7600      0.853838  1.051500
   6.7800      0.853849  1.051514
   6.8000      0.853842  1.051505
   6.8200      0.853903  1.051582
   6.8400      0.853786  1.051437
   6.8600      0.853819  1.051478
   6.8800      0.853715  1.051349
   6.9000      0.853797  1.051450
   6.9200      0.853752  1.051395
   6.9400      0.853754  1.051397
   6.9600      0.853740  1.051380
   6.9800      0.853769  1.051416
   7.0000      0.853774  1.051422
   7.0200      0.853744  1.051385
   7.0400      0.853662  1.051284
   7.0600      0.853676  1.051301
   7.0800      0.853720  1.051356
   7.1000      0.853710  1.051343
   7.1200      0.853769  1.051416
   7.1400      0.853844  1.051508
   7.1600      0.853845  1.051509
   7.1800      0.853856  1.051523
   7.2000      0.853829  1.051490
   7.2200      0.853850  1.051516
   7.2400      0.853810  1.051466
   7.2600      0.853746  1.051387
   7.2800      0.853779  1.051429
   7.3000      0.853813  1.051471
   7.3200      0.853835  1.051498
   7.3400      0.853758  1.051402
   7.3600      0.853740  1.051380
   7.3800      0.853811  1.051468
   7.4000      0.853760  1.051405
   7.4200      0.853759  1.051404
   7.4400      0.853821  1.051480
   7.4600      0.853848  1.051513
   7.4800      0.853808  1.051463
   7.5000      0.853844  1.051508
   7.5200      0.853833  1.051495
   7.5400      0.853869  1.051539
   7.5600      0.853925  1.051608
   7.5800      0.853915  1.051596
   7.6000      0.853904  1.051582
   7.6200      0.853903  1.051581
   7.6400      0.853892  1.051568
   7.6600      0.853899  1.051577
   7.6800      0.853874  1.051545
   7.7000      0.853895  1.051571
   7.7200      0.853917  1.051598
   7.7400      0.853962  1.051654
   7.7600      0.853896  1.051573
   7.7800      0.853837  1.051500
   7.8000      0.853785  1.051435
   7.8200      0.853796  1.051449
   7.8400      0.853783  1.051433
   7.8600      0.853777  1.051426
   7.8800      0.853774  1.051422
   7.9000      0.853791  1.051443
   7.9200      0.853757  1.051401
   7.9400      0.853740  1.051381
   7.9600      0.853709  1.051342
   7.9800      0.853732  1.051370
   8.0000      0.853701  1.051332
