 ETA_AV=  8.47117117E-05
   0.0000      0.129517 16.053598  0.000325
   0.0250      0.027635  3.425330  0.000069
   0.0500      0.028293  3.506958  0.000071
   0.0750      0.029395  3.643554  0.000074
   0.1000      0.029395  3.643484  0.000074
   0.1250      0.029818  3.695934  0.000075
   0.1500      0.029657  3.676024  0.000074
   0.1750      0.030818  3.819942  0.000077
   0.2000      0.031487  3.902802  0.000079
   0.2250      0.031049  3.848457  0.000078
   0.2500      0.031307  3.880518  0.000078
   0.2750      0.032880  4.075470  0.000082
   0.3000      0.033227  4.118479  0.000083
   0.3250      0.032877  4.075090  0.000082
   0.3500      0.033027  4.093733  0.000083
   0.3750      0.033718  4.179298  0.000085
   0.4000      0.034713  4.302649  0.000087
   0.4250      0.035523  4.403049  0.000089
   0.4500      0.034779  4.310877  0.000087
   0.4750      0.035507  4.401075  0.000089
   0.5000      0.035486  4.398518  0.000089
   0.5250      0.035315  4.377273  0.000089
   0.5500      0.035971  4.458620  0.000090
   0.5750      0.037862  4.693007  0.000095
   0.6000      0.038540  4.777063  0.000097
   0.6250      0.038811  4.810616  0.000097
   0.6500      0.038483  4.769970  0.000096
   0.6750      0.037648  4.666437  0.000094
   0.7000      0.038812  4.810713  0.000097
   0.7250      0.039125  4.849567  0.000098
   0.7500      0.040633  5.036407  0.000102
   0.7750      0.040404  5.008083  0.000101
   0.8000      0.039925  4.948703  0.000100
   0.8250      0.040497  5.019583  0.000102
   0.8500      0.041354  5.125860  0.000104
   0.8750      0.041170  5.103044  0.000103
   0.9000      0.041730  5.172436  0.000105
   0.9250      0.042207  5.231579  0.000106
   0.9500      0.042635  5.284657  0.000107
   0.9750      0.043119  5.344580  0.000108
   1.0000      0.040200  4.982741  0.000101
   1.0250      0.039264  4.866783  0.000098
   1.0500      0.038794  4.808461  0.000097
   1.0750      0.039647  4.914224  0.000099
   1.1000      0.039279  4.868667  0.000098
   1.1250      0.038930  4.825357  0.000098
   1.1500      0.039287  4.869569  0.000098
   1.1750      0.037685  4.671049  0.000094
   1.2000      0.038894  4.820934  0.000097
   1.2250      0.038553  4.778630  0.000097
   1.2500      0.037888  4.696157  0.000095
   1.2750      0.037015  4.587971  0.000093
   1.3000      0.037996  4.709606  0.000095
   1.3250      0.037391  4.634645  0.000094
   1.3500      0.037166  4.606739  0.000093
   1.3750      0.036670  4.545267  0.000092
   1.4000      0.036151  4.480929  0.000091
   1.4250      0.035221  4.365666  0.000088
   1.4500      0.035760  4.432492  0.000090
   1.4750      0.034711  4.302431  0.000087
   1.5000      0.035230  4.366798  0.000088
   1.5250      0.034665  4.296713  0.000087
   1.5500      0.035807  4.438280  0.000090
   1.5750      0.035112  4.352122  0.000088
   1.6000      0.033991  4.213191  0.000085
   1.6250      0.033899  4.201764  0.000085
   1.6500      0.034344  4.256941  0.000086
   1.6750      0.033287  4.125928  0.000083
   1.7000      0.033070  4.098993  0.000083
   1.7250      0.032022  3.969177  0.000080
   1.7500      0.031601  3.916888  0.000079
   1.7750      0.032875  4.074894  0.000082
   1.8000      0.030721  3.807909  0.000077
   1.8250      0.031391  3.890855  0.000079
   1.8500      0.031056  3.849369  0.000078
   1.8750      0.030821  3.820313  0.000077
   1.9000      0.030891  3.828922  0.000077
   1.9250      0.030925  3.833098  0.000078
   1.9500      0.031209  3.868334  0.000078
   1.9750      0.030165  3.738941  0.000076
   2.0000      0.030509  3.781541  0.000076
   2.0250      0.030038  3.723246  0.000075
   2.0500      0.029458  3.651349  0.000074
   2.0750      0.028878  3.579447  0.000072
   2.1000      0.029223  3.622135  0.000073
   2.1250      0.028715  3.559236  0.000072
   2.1500      0.027732  3.437317  0.000070
   2.1750      0.028010  3.471803  0.000070
   2.2000      0.027911  3.459565  0.000070
   2.2250      0.027727  3.436789  0.000070
   2.2500      0.027247  3.377266  0.000068
   2.2750      0.027334  3.388062  0.000069
   2.3000      0.027364  3.391792  0.000069
   2.3250      0.026376  3.269310  0.000066
   2.3500      0.026286  3.258095  0.000066
   2.3750      0.026874  3.331046  0.000067
   2.4000      0.026528  3.288094  0.000066
   2.4250      0.026245  3.253069  0.000066
   2.4500      0.025596  3.172573  0.000064
   2.4750      0.025363  3.143776  0.000064
   2.5000      0.025981  3.220370  0.000065
   2.5250      0.024913  3.087989  0.000062
   2.5500      0.025137  3.115781  0.000063
   2.5750      0.024727  3.064958  0.000062
   2.6000      0.024054  2.981528  0.000060
   2.6250      0.024127  2.990508  0.000060
   2.6500      0.024810  3.075184  0.000062
   2.6750      0.024748  3.067453  0.000062
   2.7000      0.023556  2.919771  0.000059
   2.7250      0.023065  2.858907  0.000058
   2.7500      0.022733  2.817811  0.000057
   2.7750      0.022789  2.824687  0.000057
   2.8000      0.023158  2.870486  0.000058
   2.8250      0.022696  2.813141  0.000057
   2.8500      0.022580  2.798820  0.000057
   2.8750      0.022560  2.796334  0.000057
   2.9000      0.021989  2.725493  0.000055
   2.9250      0.021204  2.628170  0.000053
   2.9500      0.021316  2.642111  0.000053
   2.9750      0.020859  2.585488  0.000052
   3.0000      0.021226  2.631013  0.000053
   3.0250      0.021014  2.604704  0.000053
   3.0500      0.021225  2.630878  0.000053
   3.0750      0.020952  2.597036  0.000053
   3.1000      0.021122  2.618049  0.000053
   3.1250      0.020847  2.583927  0.000052
   3.1500      0.020534  2.545220  0.000051
   3.1750      0.020283  2.514136  0.000051
   3.2000      0.019907  2.467479  0.000050
   3.2250      0.020644  2.558789  0.000052
   3.2500      0.019643  2.434689  0.000049
   3.2750      0.019042  2.360235  0.000048
   3.3000      0.020325  2.519224  0.000051
   3.3250      0.019082  2.365182  0.000048
   3.3500      0.019027  2.358341  0.000048
   3.3750      0.018338  2.272963  0.000046
   3.4000      0.018462  2.288390  0.000046
   3.4250      0.018067  2.239412  0.000045
   3.4500      0.017893  2.217820  0.000045
   3.4750      0.018015  2.232935  0.000045
   3.5000      0.018502  2.293372  0.000046
   3.5250      0.017492  2.168101  0.000044
   3.5500      0.018000  2.231128  0.000045
   3.5750      0.017814  2.208011  0.000045
   3.6000      0.017027  2.110493  0.000043
   3.6250      0.016481  2.042830  0.000041
   3.6500      0.016666  2.065740  0.000042
   3.6750      0.016740  2.074883  0.000042
   3.7000      0.015748  1.952022  0.000039
   3.7250      0.016330  2.024081  0.000041
   3.7500      0.016602  2.057827  0.000042
   3.7750      0.016275  2.017323  0.000041
   3.8000      0.016077  1.992752  0.000040
   3.8250      0.015427  1.912144  0.000039
   3.8500      0.015687  1.944457  0.000039
   3.8750      0.015655  1.940438  0.000039
   3.9000      0.015753  1.952549  0.000039
   3.9250      0.015686  1.944246  0.000039
   3.9500      0.015441  1.913905  0.000039
   3.9750      0.015076  1.868655  0.000038
   4.0000      0.014751  1.828415  0.000037
   4.0250      0.014868  1.842924  0.000037
   4.0500      0.014679  1.819482  0.000037
   4.0750      0.014249  1.766145  0.000036
   4.1000      0.014502  1.797558  0.000036
   4.1250      0.014434  1.789102  0.000036
   4.1500      0.014019  1.737705  0.000035
   4.1750      0.014494  1.796537  0.000036
   4.2000      0.013555  1.680091  0.000034
   4.2250      0.013627  1.689040  0.000034
   4.2500      0.013988  1.733817  0.000035
   4.2750      0.013669  1.694254  0.000034
   4.3000      0.013471  1.669778  0.000034
   4.3250      0.013408  1.661901  0.000034
   4.3500      0.013814  1.712304  0.000035
   4.3750      0.013083  1.621585  0.000033
   4.4000      0.012794  1.585793  0.000032
   4.4250      0.012829  1.590176  0.000032
   4.4500      0.012590  1.560496  0.000032
   4.4750      0.012432  1.540965  0.000031
   4.5000      0.012819  1.588882  0.000032
   4.5250      0.011830  1.466376  0.000030
   4.5500      0.012154  1.506456  0.000030
   4.5750      0.011931  1.478821  0.000030
   4.6000      0.012054  1.494067  0.000030
   4.6250      0.011700  1.450218  0.000029
   4.6500      0.012102  1.500095  0.000030
   4.6750      0.011410  1.414257  0.000029
   4.7000      0.011537  1.430045  0.000029
   4.7250      0.011680  1.447687  0.000029
   4.7500      0.011368  1.409056  0.000028
   4.7750      0.011194  1.387489  0.000028
   4.8000      0.010855  1.345421  0.000027
   4.8250      0.011176  1.385209  0.000028
   4.8500      0.011307  1.401518  0.000028
   4.8750      0.011062  1.371092  0.000028
   4.9000      0.010963  1.358865  0.000027
   4.9250      0.010742  1.331491  0.000027
   4.9500      0.010462  1.296767  0.000026
   4.9750      0.010792  1.337626  0.000027
   5.0000      0.010167  1.260231  0.000025
   5.0250      0.010734  1.330425  0.000027
   5.0500      0.010470  1.297706  0.000026
   5.0750      0.010708  1.327254  0.000027
   5.1000      0.010112  1.253354  0.000025
   5.1250      0.010157  1.258947  0.000025
   5.1500      0.010085  1.250073  0.000025
   5.1750      0.009524  1.180462  0.000024
   5.2000      0.009440  1.170026  0.000024
   5.2250      0.009466  1.173353  0.000024
   5.2500      0.009744  1.207749  0.000024
   5.2750      0.009696  1.201769  0.000024
   5.3000      0.009484  1.175550  0.000024
   5.3250      0.009619  1.192312  0.000024
   5.3500      0.009286  1.151058  0.000023
   5.3750      0.009335  1.157077  0.000023
   5.4000      0.009359  1.160021  0.000023
   5.4250      0.009022  1.118237  0.000023
   5.4500      0.009235  1.144722  0.000023
   5.4750      0.009163  1.135717  0.000023
   5.5000      0.008481  1.051218  0.000021
   5.5250      0.008623  1.068858  0.000022
   5.5500      0.008788  1.089232  0.000022
   5.5750      0.008497  1.053204  0.000021
   5.6000      0.008651  1.072258  0.000022
   5.6250      0.008780  1.088315  0.000022
   5.6500      0.008456  1.048090  0.000021
   5.6750      0.008274  1.025565  0.000021
   5.7000      0.007906  0.979960  0.000020
   5.7250      0.007725  0.957469  0.000019
   5.7500      0.007716  0.956348  0.000019
   5.7750      0.007947  0.985048  0.000020
   5.8000      0.008338  1.033539  0.000021
   5.8250      0.007563  0.937404  0.000019
   5.8500      0.007621  0.944670  0.000019
   5.8750      0.007633  0.946145  0.000019
   5.9000      0.007872  0.975727  0.000020
   5.9250      0.007645  0.947593  0.000019
   5.9500      0.007862  0.974462  0.000020
   5.9750      0.007587  0.940439  0.000019
   6.0000      0.007306  0.905516  0.000018
   6.0250      0.007315  0.906687  0.000018
   6.0500      0.007284  0.902907  0.000018
   6.0750      0.007220  0.894920  0.000018
   6.1000      0.006734  0.834683  0.000017
   6.1250      0.007031  0.871547  0.000018
   6.1500      0.007087  0.878380  0.000018
   6.1750      0.007125  0.883123  0.000018
   6.2000      0.007043  0.872923  0.000018
   6.2250      0.006772  0.839333  0.000017
   6.2500      0.006763  0.838285  0.000017
   6.2750      0.006549  0.811796  0.000016
   6.3000      0.006662  0.825776  0.000017
   6.3250      0.006434  0.797480  0.000016
   6.3500      0.006832  0.846878  0.000017
   6.3750      0.006536  0.810132  0.000016
   6.4000      0.006565  0.813679  0.000016
   6.4250      0.006382  0.791097  0.000016
   6.4500      0.006345  0.786436  0.000016
   6.4750      0.006203  0.768802  0.000016
   6.5000      0.005996  0.743215  0.000015
   6.5250      0.006396  0.792724  0.000016
   6.5500      0.006064  0.751571  0.000015
   6.5750      0.005746  0.712177  0.000014
   6.6000      0.006310  0.782112  0.000016
   6.6250      0.006172  0.764983  0.000015
   6.6500      0.005984  0.741693  0.000015
   6.6750      0.005867  0.727245  0.000015
   6.7000      0.006037  0.748265  0.000015
   6.7250      0.005969  0.739843  0.000015
   6.7500      0.005774  0.715661  0.000014
   6.7750      0.006028  0.747203  0.000015
   6.8000      0.005523  0.684571  0.000014
   6.8250      0.005445  0.674847  0.000014
   6.8500      0.005468  0.677788  0.000014
   6.8750      0.005588  0.692615  0.000014
   6.9000      0.005757  0.713611  0.000014
   6.9250      0.005316  0.658915  0.000013
   6.9500      0.005498  0.681440  0.000014
   6.9750      0.005354  0.663582  0.000013
   7.0000      0.005600  0.694155  0.000014
   7.0250      0.005119  0.634498  0.000013
   7.0500      0.005273  0.653556  0.000013
   7.0750      0.005378  0.666638  0.000013
   7.1000      0.005149  0.638196  0.000013
   7.1250      0.005146  0.637887  0.000013
   7.1500      0.004962  0.614995  0.000012
   7.1750      0.005281  0.654601  0.000013
   7.2000      0.004875  0.604314  0.000012
   7.2250      0.004990  0.618502  0.000013
   7.2500      0.005171  0.640914  0.000013
   7.2750      0.005042  0.625000  0.000013
   7.3000      0.005061  0.627277  0.000013
   7.3250      0.005004  0.620288  0.000013
   7.3500      0.005014  0.621517  0.000013
   7.3750      0.004897  0.607042  0.000012
   7.4000      0.004827  0.598246  0.000012
   7.4250      0.004895  0.606708  0.000012
   7.4500      0.004807  0.595773  0.000012
   7.4750      0.004753  0.589151  0.000012
   7.5000      0.004891  0.606215  0.000012
   7.5250      0.004782  0.592701  0.000012
   7.5500      0.004844  0.600407  0.000012
   7.5750      0.004817  0.597054  0.000012
   7.6000      0.004797  0.594537  0.000012
   7.6250      0.004805  0.595565  0.000012
   7.6500      0.004500  0.557760  0.000011
   7.6750      0.004574  0.567006  0.000011
   7.7000      0.004539  0.562661  0.000011
   7.7250      0.004804  0.595412  0.000012
   7.7500      0.004497  0.557422  0.000011
   7.7750      0.004352  0.539417  0.000011
   7.8000      0.004456  0.552322  0.000011
   7.8250      0.004489  0.556350  0.000011
   7.8500      0.004275  0.529921  0.000011
   7.8750      0.004189  0.519285  0.000011
   7.9000      0.004338  0.537686  0.000011
   7.9250      0.004335  0.537267  0.000011
   7.9500      0.004411  0.546799  0.000011
   7.9750      0.004552  0.564164  0.000011
   8.0000      0.004158  0.515440  0.000010
   8.0250      0.004479  0.555137  0.000011
   8.0500      0.004331  0.536774  0.000011
   8.0750      0.004183  0.518425  0.000010
   8.1000      0.004288  0.531460  0.000011
   8.1250      0.004176  0.517661  0.000010
   8.1500      0.004357  0.540003  0.000011
   8.1750      0.004322  0.535656  0.000011
   8.2000      0.004140  0.513116  0.000010
   8.2250      0.004180  0.518121  0.000010
   8.2500      0.004241  0.525711  0.000011
   8.2750      0.004130  0.511932  0.000010
   8.3000      0.004061  0.503321  0.000010
   8.3250      0.004094  0.507484  0.000010
   8.3500      0.004237  0.525213  0.000011
   8.3750      0.004132  0.512168  0.000010
   8.4000      0.004014  0.497489  0.000010
   8.4250      0.003981  0.493478  0.000010
   8.4500      0.004048  0.501695  0.000010
   8.4750      0.004011  0.497172  0.000010
   8.5000      0.003749  0.464635  0.000009
   8.5250      0.004189  0.519265  0.000011
   8.5500      0.004005  0.496412  0.000010
   8.5750      0.003902  0.483618  0.000010
   8.6000      0.003741  0.463715  0.000009
   8.6250      0.003856  0.477956  0.000010
   8.6500      0.003860  0.478430  0.000010
   8.6750      0.003888  0.481960  0.000010
   8.7000      0.003922  0.486072  0.000010
   8.7250      0.003778  0.468295  0.000009
   8.7500      0.003820  0.473481  0.000010
   8.7750      0.003845  0.476594  0.000010
   8.8000      0.003921  0.485970  0.000010
   8.8250      0.003696  0.458109  0.000009
   8.8500      0.003811  0.472412  0.000010
   8.8750      0.003737  0.463194  0.000009
   8.9000      0.003806  0.471730  0.000010
   8.9250      0.003663  0.454052  0.000009
   8.9500      0.003851  0.477309  0.000010
   8.9750      0.003770  0.467328  0.000009
   9.0000      0.003770  0.467352  0.000009
   9.0250      0.003612  0.447744  0.000009
   9.0500      0.003802  0.471259  0.000010
   9.0750      0.003720  0.461122  0.000009
   9.1000      0.003576  0.443190  0.000009
   9.1250      0.003650  0.452454  0.000009
   9.1500      0.003647  0.451987  0.000009
   9.1750      0.003724  0.461539  0.000009
   9.2000      0.003582  0.444031  0.000009
   9.2250      0.003577  0.443344  0.000009
   9.2500      0.003573  0.442824  0.000009
   9.2750      0.003574  0.443001  0.000009
   9.3000      0.003424  0.424421  0.000009
   9.3250      0.003502  0.434134  0.000009
   9.3500      0.003681  0.456259  0.000009
   9.3750      0.003499  0.433661  0.000009
   9.4000      0.003533  0.437930  0.000009
   9.4250      0.003571  0.442590  0.000009
   9.4500      0.003498  0.433612  0.000009
   9.4750      0.003490  0.432613  0.000009
   9.5000      0.003419  0.423841  0.000009
   9.5250      0.003418  0.423685  0.000009
   9.5500      0.003456  0.428321  0.000009
   9.5750      0.003456  0.428395  0.000009
   9.6000      0.003561  0.441435  0.000009
   9.6250      0.003411  0.422845  0.000009
   9.6500      0.003458  0.428607  0.000009
   9.6750      0.003491  0.432664  0.000009
   9.7000      0.003417  0.423528  0.000009
   9.7250      0.003415  0.423294  0.000009
   9.7500      0.003413  0.423002  0.000009
   9.7750      0.003592  0.445177  0.000009
   9.8000      0.003414  0.423187  0.000009
   9.8250      0.003340  0.413972  0.000008
   9.8500      0.003373  0.418027  0.000008
   9.8750      0.003410  0.422690  0.000009
   9.9000      0.003413  0.423085  0.000009
   9.9250      0.003372  0.418000  0.000008
   9.9500      0.003374  0.418211  0.000008
   9.9750      0.003408  0.422374  0.000009
  10.0000      0.003300  0.409052  0.000008
  10.0250      0.003337  0.413581  0.000008
  10.0500      0.003298  0.408812  0.000008
  10.0750      0.003405  0.422110  0.000009
  10.1000      0.003261  0.404257  0.000008
  10.1250      0.003335  0.413316  0.000008
  10.1500      0.003374  0.418264  0.000008
  10.1750      0.003328  0.412557  0.000008
  10.2000      0.003257  0.403681  0.000008
  10.2250      0.003262  0.404337  0.000008
  10.2500      0.003289  0.407709  0.000008
  10.2750      0.003330  0.412767  0.000008
  10.3000      0.003256  0.403524  0.000008
  10.3250      0.003255  0.403442  0.000008
  10.3500      0.003401  0.421588  0.000009
  10.3750      0.003218  0.398863  0.000008
  10.4000      0.003291  0.407946  0.000008
  10.4250      0.003330  0.412765  0.000008
  10.4500      0.003254  0.403288  0.000008
  10.4750      0.003290  0.407790  0.000008
  10.5000      0.003290  0.407736  0.000008
  10.5250      0.003214  0.398389  0.000008
  10.5500      0.003255  0.403417  0.000008
  10.5750      0.003366  0.417215  0.000008
  10.6000      0.003214  0.398417  0.000008
  10.6250      0.003363  0.416847  0.000008
  10.6500      0.003216  0.398651  0.000008
  10.6750      0.003250  0.402866  0.000008
  10.7000      0.003211  0.397994  0.000008
  10.7250      0.003215  0.398494  0.000008
  10.7500      0.003251  0.402919  0.000008
  10.7750      0.003250  0.402816  0.000008
  10.8000      0.003178  0.393941  0.000008
  10.8250      0.003287  0.407421  0.000008
  10.8500      0.003174  0.393362  0.000008
  10.8750      0.003211  0.397969  0.000008
  10.9000      0.003138  0.388991  0.000008
  10.9250      0.003137  0.388832  0.000008
  10.9500      0.003174  0.393414  0.000008
  10.9750      0.003212  0.398074  0.000008
  11.0000      0.003173  0.393309  0.000008
  11.0250      0.003213  0.398232  0.000008
  11.0500      0.003173  0.393335  0.000008
  11.0750      0.003208  0.397679  0.000008
  11.1000      0.003172  0.393229  0.000008
  11.1250      0.003174  0.393442  0.000008
  11.1500      0.003171  0.393046  0.000008
  11.1750      0.003209  0.397784  0.000008
  11.2000      0.003173  0.393284  0.000008
  11.2250      0.003137  0.388886  0.000008
  11.2500      0.003206  0.397365  0.000008
  11.2750      0.003135  0.388622  0.000008
  11.3000      0.003172  0.393203  0.000008
  11.3250      0.003133  0.388385  0.000008
  11.3500      0.003207  0.397497  0.000008
  11.3750      0.003171  0.393099  0.000008
  11.4000      0.003135  0.388622  0.000008
  11.4250      0.003097  0.383933  0.000008
  11.4500      0.003173  0.393258  0.000008
  11.4750      0.003096  0.383750  0.000008
  11.5000      0.003169  0.392757  0.000008
  11.5250      0.003133  0.388306  0.000008
  11.5500      0.003096  0.383805  0.000008
  11.5750      0.003097  0.383910  0.000008
  11.6000      0.003130  0.387938  0.000008
  11.6250      0.003097  0.383857  0.000008
  11.6500      0.003168  0.392624  0.000008
  11.6750      0.003095  0.383619  0.000008
  11.7000      0.003204  0.397180  0.000008
  11.7250      0.003095  0.383566  0.000008
  11.7500      0.003132  0.388255  0.000008
  11.7750      0.003131  0.388044  0.000008
  11.8000      0.003132  0.388175  0.000008
  11.8250      0.003128  0.387753  0.000008
  11.8500      0.003094  0.383514  0.000008
  11.8750      0.003058  0.379011  0.000008
  11.9000      0.003094  0.383541  0.000008
  11.9250      0.003166  0.392389  0.000008
  11.9500      0.003130  0.387964  0.000008
  11.9750      0.003130  0.387913  0.000008
  12.0000      0.003166  0.392467  0.000008
  12.0250      0.003057  0.378853  0.000008
  12.0500      0.003095  0.383568  0.000008
  12.0750      0.003094  0.383462  0.000008
  12.1000      0.003093  0.383435  0.000008
  12.1250      0.003130  0.387991  0.000008
  12.1500      0.003094  0.383462  0.000008
  12.1750      0.003093  0.383357  0.000008
  12.2000      0.003056  0.378827  0.000008
  12.2250      0.003092  0.383278  0.000008
  12.2500      0.003092  0.383251  0.000008
  12.2750      0.003093  0.383436  0.000008
  12.3000      0.003092  0.383198  0.000008
  12.3250      0.003127  0.387543  0.000008
  12.3500      0.003056  0.378827  0.000008
  12.3750      0.003094  0.383541  0.000008
  12.4000      0.003093  0.383383  0.000008
  12.4250      0.003092  0.383225  0.000008
  12.4500      0.003057  0.378853  0.000008
  12.4750      0.003129  0.387833  0.000008
  12.5000      0.003092  0.383225  0.000008
  12.5250      0.003092  0.383198  0.000008
  12.5500      0.003055  0.378617  0.000008
  12.5750      0.003090  0.383067  0.000008
  12.6000      0.003090  0.383041  0.000008
  12.6250      0.003092  0.383198  0.000008
  12.6500      0.003054  0.378590  0.000008
  12.6750      0.003054  0.378590  0.000008
  12.7000      0.003091  0.383119  0.000008
  12.7250      0.003093  0.383330  0.000008
  12.7500      0.003090  0.382961  0.000008
  12.7750      0.003055  0.378616  0.000008
  12.8000      0.003091  0.383146  0.000008
  12.8250      0.003054  0.378485  0.000008
  12.8500      0.003091  0.383120  0.000008
  12.8750      0.003091  0.383093  0.000008
  12.9000      0.003054  0.378511  0.000008
  12.9250      0.003093  0.383358  0.000008
  12.9500      0.003091  0.383067  0.000008
  12.9750      0.003089  0.382935  0.000008
  13.0000      0.003090  0.383067  0.000008
  13.0250      0.003054  0.378564  0.000008
  13.0500      0.003055  0.378696  0.000008
  13.0750      0.003091  0.383120  0.000008
  13.1000      0.003054  0.378511  0.000008
  13.1250      0.003054  0.378538  0.000008
  13.1500      0.003054  0.378564  0.000008
  13.1750      0.003053  0.378432  0.000008
  13.2000      0.003055  0.378616  0.000008
  13.2250      0.003089  0.382882  0.000008
  13.2500      0.003054  0.378590  0.000008
  13.2750      0.003090  0.382988  0.000008
  13.3000      0.003054  0.378538  0.000008
  13.3250      0.003089  0.382908  0.000008
  13.3500      0.003055  0.378643  0.000008
  13.3750      0.003053  0.378406  0.000008
  13.4000      0.003054  0.378591  0.000008
  13.4250      0.003054  0.378485  0.000008
  13.4500      0.003052  0.378353  0.000008
  13.4750      0.003053  0.378432  0.000008
  13.5000      0.003054  0.378512  0.000008
  13.5250      0.003053  0.378432  0.000008
  13.5500      0.003090  0.382961  0.000008
  13.5750      0.003091  0.383120  0.000008
  13.6000      0.003053  0.378432  0.000008
  13.6250      0.003053  0.378379  0.000008
  13.6500      0.003054  0.378485  0.000008
  13.6750      0.003054  0.378511  0.000008
  13.7000      0.003089  0.382935  0.000008
  13.7250      0.003053  0.378406  0.000008
  13.7500      0.003053  0.378380  0.000008
  13.7750      0.003089  0.382882  0.000008
  13.8000      0.003089  0.382935  0.000008
  13.8250      0.003053  0.378406  0.000008
  13.8500      0.003053  0.378432  0.000008
  13.8750      0.003053  0.378406  0.000008
  13.9000      0.003052  0.378353  0.000008
  13.9250      0.003089  0.382909  0.000008
  13.9500      0.003053  0.378379  0.000008
  13.9750      0.003053  0.378458  0.000008
  14.0000      0.003053  0.378406  0.000008
  14.0250      0.003053  0.378459  0.000008
  14.0500      0.003052  0.378353  0.000008
  14.0750      0.003053  0.378379  0.000008
  14.1000      0.003052  0.378353  0.000008
  14.1250      0.003052  0.378353  0.000008
  14.1500      0.003053  0.378380  0.000008
  14.1750      0.003052  0.378274  0.000008
  14.2000      0.003053  0.378379  0.000008
  14.2250      0.003053  0.378406  0.000008
  14.2500      0.003053  0.378380  0.000008
  14.2750      0.003053  0.378380  0.000008
  14.3000      0.003053  0.378406  0.000008
  14.3250      0.003053  0.378380  0.000008
  14.3500      0.003052  0.378274  0.000008
  14.3750      0.003052  0.378353  0.000008
  14.4000      0.003052  0.378327  0.000008
  14.4250      0.003052  0.378353  0.000008
  14.4500      0.003052  0.378327  0.000008
  14.4750      0.003053  0.378380  0.000008
  14.5000      0.003053  0.378406  0.000008
  14.5250      0.003089  0.382935  0.000008
  14.5500      0.003052  0.378300  0.000008
  14.5750      0.003053  0.378379  0.000008
  14.6000      0.003053  0.378406  0.000008
  14.6250      0.003052  0.378353  0.000008
  14.6500      0.003052  0.378274  0.000008
  14.6750      0.003053  0.378380  0.000008
  14.7000      0.003052  0.378300  0.000008
  14.7250      0.003052  0.378327  0.000008
  14.7500      0.003052  0.378353  0.000008
  14.7750      0.003052  0.378301  0.000008
  14.8000      0.003052  0.378274  0.000008
  14.8250      0.003052  0.378353  0.000008
  14.8500      0.003052  0.378353  0.000008
  14.8750      0.003052  0.378327  0.000008
  14.9000      0.003052  0.378274  0.000008
  14.9250      0.003052  0.378300  0.000008
  14.9500      0.003053  0.378380  0.000008
  14.9750      0.003052  0.378327  0.000008
  15.0000      0.003053  0.378379  0.000008
  15.0250      0.003053  0.378379  0.000008
  15.0500      0.003052  0.378300  0.000008
  15.0750      0.003052  0.378327  0.000008
  15.1000      0.003052  0.378274  0.000008
  15.1250      0.003052  0.378327  0.000008
  15.1500      0.003052  0.378327  0.000008
  15.1750      0.003052  0.378300  0.000008
  15.2000      0.003052  0.378353  0.000008
  15.2250      0.003053  0.378379  0.000008
  15.2500      0.003052  0.378301  0.000008
  15.2750      0.003052  0.378300  0.000008
  15.3000      0.003052  0.378327  0.000008
  15.3250      0.003052  0.378327  0.000008
  15.3500      0.003052  0.378274  0.000008
  15.3750      0.003052  0.378274  0.000008
  15.4000      0.003052  0.378327  0.000008
  15.4250      0.003089  0.382909  0.000008
  15.4500      0.003052  0.378301  0.000008
  15.4750      0.003052  0.378327  0.000008
  15.5000      0.003052  0.378274  0.000008
  15.5250      0.003052  0.378274  0.000008
  15.5500      0.003052  0.378274  0.000008
  15.5750      0.003052  0.378300  0.000008
  15.6000      0.003052  0.378301  0.000008
  15.6250      0.003052  0.378274  0.000008
  15.6500      0.003052  0.378274  0.000008
  15.6750      0.003052  0.378274  0.000008
  15.7000      0.003052  0.378274  0.000008
  15.7250      0.003052  0.378301  0.000008
  15.7500      0.003052  0.378300  0.000008
  15.7750      0.003052  0.378327  0.000008
  15.8000      0.003052  0.378301  0.000008
  15.8250      0.003052  0.378327  0.000008
  15.8500      0.003052  0.378274  0.000008
  15.8750      0.003052  0.378327  0.000008
  15.9000      0.003052  0.378274  0.000008
  15.9250      0.003052  0.378353  0.000008
  15.9500      0.003052  0.378274  0.000008
  15.9750      0.003052  0.378301  0.000008
  16.0000      0.003052  0.378274  0.000008
  16.0250      0.003052  0.378300  0.000008
  16.0500      0.003052  0.378274  0.000008
  16.0750      0.003052  0.378274  0.000008
  16.1000      0.003052  0.378300  0.000008
  16.1250      0.003052  0.378274  0.000008
  16.1500      0.003052  0.378300  0.000008
  16.1750      0.003052  0.378301  0.000008
  16.2000      0.003052  0.378274  0.000008
  16.2250      0.003052  0.378274  0.000008
  16.2500      0.003052  0.378274  0.000008
  16.2750      0.003052  0.378300  0.000008
  16.3000      0.003052  0.378274  0.000008
  16.3250      0.003052  0.378274  0.000008
  16.3500      0.003052  0.378300  0.000008
  16.3750      0.003052  0.378301  0.000008
  16.4000      0.003052  0.378301  0.000008
  16.4250      0.003052  0.378274  0.000008
  16.4500      0.003052  0.378300  0.000008
  16.4750      0.003052  0.378274  0.000008
  16.5000      0.003052  0.378274  0.000008
  16.5250      0.003052  0.378300  0.000008
  16.5500      0.003052  0.378274  0.000008
  16.5750      0.003052  0.378300  0.000008
  16.6000      0.003052  0.378274  0.000008
  16.6250      0.003052  0.378274  0.000008
  16.6500      0.003052  0.378274  0.000008
  16.6750      0.003052  0.378274  0.000008
  16.7000      0.003052  0.378274  0.000008
  16.7250      0.003052  0.378301  0.000008
  16.7500      0.003052  0.378274  0.000008
  16.7750      0.003052  0.378300  0.000008
  16.8000      0.003052  0.378274  0.000008
  16.8250      0.003052  0.378274  0.000008
  16.8500      0.003052  0.378300  0.000008
  16.8750      0.003052  0.378274  0.000008
  16.9000      0.003052  0.378274  0.000008
  16.9250      0.003052  0.378274  0.000008
  16.9500      0.003052  0.378274  0.000008
  16.9750      0.003052  0.378274  0.000008
  17.0000      0.003052  0.378274  0.000008
  17.0250      0.003052  0.378274  0.000008
  17.0500      0.003052  0.378274  0.000008
  17.0750      0.003052  0.378274  0.000008
  17.1000      0.003052  0.378274  0.000008
  17.1250      0.003052  0.378274  0.000008
  17.1500      0.003052  0.378300  0.000008
  17.1750      0.003052  0.378274  0.000008
  17.2000      0.003052  0.378274  0.000008
  17.2250      0.003052  0.378300  0.000008
  17.2500      0.003052  0.378300  0.000008
  17.2750      0.003052  0.378274  0.000008
  17.3000      0.003052  0.378274  0.000008
  17.3250      0.003052  0.378274  0.000008
  17.3500      0.003052  0.378274  0.000008
  17.3750      0.003052  0.378274  0.000008
  17.4000      0.003052  0.378274  0.000008
  17.4250      0.003052  0.378274  0.000008
  17.4500      0.003052  0.378274  0.000008
  17.4750      0.003052  0.378274  0.000008
  17.5000      0.003052  0.378274  0.000008
  17.5250      0.003052  0.378300  0.000008
  17.5500      0.003052  0.378274  0.000008
  17.5750      0.003052  0.378274  0.000008
  17.6000      0.003052  0.378274  0.000008
  17.6250      0.003052  0.378274  0.000008
  17.6500      0.003052  0.378274  0.000008
  17.6750      0.003052  0.378274  0.000008
  17.7000      0.003052  0.378274  0.000008
  17.7250      0.003052  0.378274  0.000008
  17.7500      0.003052  0.378274  0.000008
  17.7750      0.003052  0.378274  0.000008
  17.8000      0.003052  0.378274  0.000008
  17.8250      0.003052  0.378274  0.000008
  17.8500      0.003052  0.378274  0.000008
  17.8750      0.003052  0.378274  0.000008
  17.9000      0.003052  0.378274  0.000008
  17.9250      0.003052  0.378274  0.000008
  17.9500      0.003052  0.378274  0.000008
  17.9750      0.003052  0.378274  0.000008
  18.0000      0.003052  0.378274  0.000008
  18.0250      0.003052  0.378274  0.000008
  18.0500      0.003052  0.378274  0.000008
  18.0750      0.003052  0.378274  0.000008
  18.1000      0.003052  0.378274  0.000008
  18.1250      0.003052  0.378274  0.000008
  18.1500      0.003052  0.378274  0.000008
  18.1750      0.003052  0.378274  0.000008
  18.2000      0.003052  0.378274  0.000008
  18.2250      0.003052  0.378274  0.000008
  18.2500      0.003052  0.378274  0.000008
  18.2750      0.003052  0.378274  0.000008
  18.3000      0.003052  0.378274  0.000008
  18.3250      0.003052  0.378274  0.000008
  18.3500      0.003052  0.378274  0.000008
  18.3750      0.003052  0.378274  0.000008
  18.4000      0.003052  0.378274  0.000008
  18.4250      0.003052  0.378274  0.000008
  18.4500      0.003052  0.378274  0.000008
  18.4750      0.003052  0.378274  0.000008
  18.5000      0.003052  0.378274  0.000008
  18.5250      0.003052  0.378274  0.000008
  18.5500      0.003052  0.378274  0.000008
  18.5750      0.003052  0.378274  0.000008
  18.6000      0.003052  0.378274  0.000008
  18.6250      0.003052  0.378274  0.000008
  18.6500      0.003052  0.378274  0.000008
  18.6750      0.003052  0.378274  0.000008
  18.7000      0.003052  0.378274  0.000008
  18.7250      0.003052  0.378274  0.000008
  18.7500      0.003052  0.378274  0.000008
  18.7750      0.003052  0.378274  0.000008
  18.8000      0.003052  0.378274  0.000008
  18.8250      0.003052  0.378274  0.000008
  18.8500      0.003052  0.378274  0.000008
  18.8750      0.003052  0.378274  0.000008
  18.9000      0.003052  0.378274  0.000008
  18.9250      0.003052  0.378274  0.000008
  18.9500      0.003052  0.378274  0.000008
  18.9750      0.003052  0.378274  0.000008
  19.0000      0.003052  0.378274  0.000008
  19.0250      0.003052  0.378274  0.000008
  19.0500      0.003052  0.378274  0.000008
  19.0750      0.003052  0.378274  0.000008
  19.1000      0.003052  0.378274  0.000008
  19.1250      0.003052  0.378274  0.000008
  19.1500      0.003052  0.378274  0.000008
  19.1750      0.003052  0.378274  0.000008
  19.2000      0.003052  0.378274  0.000008
  19.2250      0.003052  0.378274  0.000008
  19.2500      0.003052  0.378274  0.000008
  19.2750      0.003052  0.378274  0.000008
  19.3000      0.003052  0.378274  0.000008
  19.3250      0.003052  0.378274  0.000008
  19.3500      0.003052  0.378274  0.000008
  19.3750      0.003052  0.378274  0.000008
  19.4000      0.003052  0.378274  0.000008
  19.4250      0.003052  0.378274  0.000008
  19.4500      0.003052  0.378274  0.000008
  19.4750      0.003052  0.378274  0.000008
  19.5000      0.003052  0.378274  0.000008
  19.5250      0.003052  0.378274  0.000008
  19.5500      0.003052  0.378274  0.000008
  19.5750      0.003052  0.378274  0.000008
  19.6000      0.003052  0.378274  0.000008
  19.6250      0.003052  0.378274  0.000008
  19.6500      0.003052  0.378274  0.000008
  19.6750      0.003052  0.378274  0.000008
  19.7000      0.003052  0.378274  0.000008
  19.7250      0.003052  0.378274  0.000008
  19.7500      0.003052  0.378274  0.000008
  19.7750      0.003052  0.378274  0.000008
  19.8000      0.003052  0.378274  0.000008
  19.8250      0.003052  0.378274  0.000008
  19.8500      0.003052  0.378274  0.000008
  19.8750      0.003052  0.378274  0.000008
  19.9000      0.003052  0.378274  0.000008
  19.9250      0.003052  0.378274  0.000008
  19.9500      0.003052  0.378274  0.000008
  19.9750      0.003052  0.378274  0.000008
  20.0000      0.003052  0.378274  0.000008
  20.0250      0.003052  0.378274  0.000008
  20.0500      0.003052  0.378274  0.000008
  20.0750      0.003052  0.378274  0.000008
  20.1000      0.003052  0.378274  0.000008
  20.1250      0.003052  0.378274  0.000008
  20.1500      0.003052  0.378274  0.000008
  20.1750      0.003052  0.378274  0.000008
  20.2000      0.003052  0.378274  0.000008
  20.2250      0.003052  0.378274  0.000008
  20.2500      0.003052  0.378274  0.000008
  20.2750      0.003052  0.378274  0.000008
  20.3000      0.003052  0.378274  0.000008
  20.3250      0.003052  0.378274  0.000008
  20.3500      0.003052  0.378274  0.000008
  20.3750      0.003052  0.378274  0.000008
  20.4000      0.003052  0.378274  0.000008
  20.4250      0.003052  0.378274  0.000008
  20.4500      0.003052  0.378274  0.000008
  20.4750      0.003052  0.378274  0.000008
  20.5000      0.003052  0.378274  0.000008
  20.5250      0.003052  0.378274  0.000008
  20.5500      0.003052  0.378274  0.000008
  20.5750      0.003052  0.378274  0.000008
  20.6000      0.003052  0.378274  0.000008
  20.6250      0.003052  0.378274  0.000008
  20.6500      0.003052  0.378274  0.000008
  20.6750      0.003052  0.378274  0.000008
  20.7000      0.003052  0.378274  0.000008
  20.7250      0.003052  0.378274  0.000008
  20.7500      0.003052  0.378274  0.000008
  20.7750      0.003052  0.378274  0.000008
  20.8000      0.003052  0.378274  0.000008
  20.8250      0.003052  0.378274  0.000008
  20.8500      0.003052  0.378274  0.000008
  20.8750      0.003052  0.378274  0.000008
  20.9000      0.003052  0.378274  0.000008
  20.9250      0.003052  0.378274  0.000008
  20.9500      0.003052  0.378274  0.000008
  20.9750      0.003052  0.378274  0.000008
  21.0000      0.003052  0.378274  0.000008
  21.0250      0.003052  0.378274  0.000008
  21.0500      0.003052  0.378274  0.000008
  21.0750      0.003052  0.378274  0.000008
  21.1000      0.003052  0.378274  0.000008
  21.1250      0.003052  0.378274  0.000008
  21.1500      0.003052  0.378274  0.000008
  21.1750      0.003052  0.378274  0.000008
  21.2000      0.003052  0.378274  0.000008
  21.2250      0.003052  0.378274  0.000008
  21.2500      0.003052  0.378274  0.000008
  21.2750      0.003052  0.378274  0.000008
  21.3000      0.003052  0.378274  0.000008
  21.3250      0.003052  0.378274  0.000008
  21.3500      0.003052  0.378274  0.000008
  21.3750      0.003052  0.378274  0.000008
  21.4000      0.003052  0.378274  0.000008
  21.4250      0.003052  0.378274  0.000008
  21.4500      0.003052  0.378274  0.000008
  21.4750      0.003052  0.378274  0.000008
  21.5000      0.003052  0.378274  0.000008
  21.5250      0.003052  0.378274  0.000008
  21.5500      0.003052  0.378274  0.000008
  21.5750      0.003052  0.378274  0.000008
  21.6000      0.003052  0.378274  0.000008
  21.6250      0.003052  0.378274  0.000008
  21.6500      0.003052  0.378274  0.000008
  21.6750      0.003052  0.378274  0.000008
  21.7000      0.003052  0.378274  0.000008
  21.7250      0.003052  0.378274  0.000008
  21.7500      0.003052  0.378274  0.000008
  21.7750      0.003052  0.378274  0.000008
  21.8000      0.003052  0.378274  0.000008
  21.8250      0.003052  0.378274  0.000008
  21.8500      0.003052  0.378274  0.000008
  21.8750      0.003052  0.378274  0.000008
  21.9000      0.003052  0.378274  0.000008
  21.9250      0.003052  0.378274  0.000008
  21.9500      0.003052  0.378274  0.000008
  21.9750      0.003052  0.378274  0.000008
  22.0000      0.003052  0.378274  0.000008
  22.0250      0.003052  0.378274  0.000008
  22.0500      0.003052  0.378274  0.000008
  22.0750      0.003052  0.378274  0.000008
  22.1000      0.003052  0.378274  0.000008
  22.1250      0.003052  0.378274  0.000008
  22.1500      0.003052  0.378274  0.000008
  22.1750      0.003052  0.378274  0.000008
  22.2000      0.003052  0.378274  0.000008
  22.2250      0.003052  0.378274  0.000008
  22.2500      0.003052  0.378274  0.000008
  22.2750      0.003052  0.378274  0.000008
  22.3000      0.003052  0.378274  0.000008
  22.3250      0.003052  0.378274  0.000008
  22.3500      0.003052  0.378274  0.000008
  22.3750      0.003052  0.378274  0.000008
  22.4000      0.003052  0.378274  0.000008
  22.4250      0.003052  0.378274  0.000008
  22.4500      0.003052  0.378274  0.000008
  22.4750      0.003052  0.378274  0.000008
  22.5000      0.003052  0.378274  0.000008
  22.5250      0.003052  0.378274  0.000008
  22.5500      0.003052  0.378274  0.000008
  22.5750      0.003052  0.378274  0.000008
  22.6000      0.003052  0.378274  0.000008
  22.6250      0.003052  0.378274  0.000008
  22.6500      0.003052  0.378274  0.000008
  22.6750      0.003052  0.378274  0.000008
  22.7000      0.003052  0.378274  0.000008
  22.7250      0.003052  0.378274  0.000008
  22.7500      0.003052  0.378274  0.000008
  22.7750      0.003052  0.378274  0.000008
  22.8000      0.003052  0.378274  0.000008
  22.8250      0.003052  0.378274  0.000008
  22.8500      0.003052  0.378274  0.000008
  22.8750      0.003052  0.378274  0.000008
  22.9000      0.003052  0.378274  0.000008
  22.9250      0.003052  0.378274  0.000008
  22.9500      0.003052  0.378274  0.000008
  22.9750      0.003052  0.378274  0.000008
  23.0000      0.003052  0.378274  0.000008
  23.0250      0.003052  0.378274  0.000008
  23.0500      0.003052  0.378274  0.000008
  23.0750      0.003052  0.378274  0.000008
  23.1000      0.003052  0.378274  0.000008
  23.1250      0.003052  0.378274  0.000008
  23.1500      0.003052  0.378274  0.000008
  23.1750      0.003052  0.378274  0.000008
  23.2000      0.003052  0.378274  0.000008
  23.2250      0.003052  0.378274  0.000008
  23.2500      0.003052  0.378274  0.000008
  23.2750      0.003052  0.378274  0.000008
  23.3000      0.003052  0.378274  0.000008
  23.3250      0.003052  0.378274  0.000008
  23.3500      0.003052  0.378274  0.000008
  23.3750      0.003052  0.378274  0.000008
  23.4000      0.003052  0.378274  0.000008
  23.4250      0.003052  0.378274  0.000008
  23.4500      0.003052  0.378274  0.000008
  23.4750      0.003052  0.378274  0.000008
  23.5000      0.003052  0.378274  0.000008
  23.5250      0.003052  0.378274  0.000008
  23.5500      0.003052  0.378274  0.000008
  23.5750      0.003052  0.378274  0.000008
  23.6000      0.003052  0.378274  0.000008
  23.6250      0.003052  0.378274  0.000008
  23.6500      0.003052  0.378274  0.000008
  23.6750      0.003052  0.378274  0.000008
  23.7000      0.003052  0.378274  0.000008
  23.7250      0.003052  0.378274  0.000008
  23.7500      0.003052  0.378274  0.000008
  23.7750      0.003052  0.378274  0.000008
  23.8000      0.003052  0.378274  0.000008
  23.8250      0.003052  0.378274  0.000008
  23.8500      0.003052  0.378274  0.000008
  23.8750      0.003052  0.378274  0.000008
  23.9000      0.003052  0.378274  0.000008
  23.9250      0.003052  0.378274  0.000008
  23.9500      0.003052  0.378274  0.000008
  23.9750      0.003052  0.378274  0.000008
  24.0000      0.003052  0.378274  0.000008
  24.0250      0.003052  0.378274  0.000008
  24.0500      0.003052  0.378274  0.000008
  24.0750      0.003052  0.378274  0.000008
  24.1000      0.003052  0.378274  0.000008
  24.1250      0.003052  0.378274  0.000008
  24.1500      0.003052  0.378274  0.000008
  24.1750      0.003052  0.378274  0.000008
  24.2000      0.003052  0.378274  0.000008
  24.2250      0.003052  0.378274  0.000008
  24.2500      0.003052  0.378274  0.000008
  24.2750      0.003052  0.378274  0.000008
  24.3000      0.003052  0.378274  0.000008
  24.3250      0.003052  0.378274  0.000008
  24.3500      0.003052  0.378274  0.000008
  24.3750      0.003052  0.378274  0.000008
  24.4000      0.003052  0.378274  0.000008
  24.4250      0.003052  0.378274  0.000008
  24.4500      0.003052  0.378274  0.000008
  24.4750      0.003052  0.378274  0.000008
  24.5000      0.003052  0.378274  0.000008
  24.5250      0.003052  0.378274  0.000008
  24.5500      0.003052  0.378274  0.000008
  24.5750      0.003052  0.378274  0.000008
  24.6000      0.003052  0.378274  0.000008
  24.6250      0.003052  0.378274  0.000008
  24.6500      0.003052  0.378274  0.000008
  24.6750      0.003052  0.378274  0.000008
  24.7000      0.003052  0.378274  0.000008
  24.7250      0.003052  0.378274  0.000008
  24.7500      0.003052  0.378274  0.000008
  24.7750      0.003052  0.378274  0.000008
  24.8000      0.003052  0.378274  0.000008
  24.8250      0.003052  0.378274  0.000008
  24.8500      0.003052  0.378274  0.000008
  24.8750      0.003052  0.378274  0.000008
  24.9000      0.003052  0.378274  0.000008
  24.9250      0.003052  0.378274  0.000008
  24.9500      0.003052  0.378274  0.000008
  24.9750      0.003052  0.378274  0.000008
  25.0000      0.003052  0.378274  0.000008
