 ETA_AV=  0.19969891
   0.0000      0.877419  0.878742
   0.0200      0.891514  0.892858
   0.0400      0.903613  0.904976
   0.0600      0.900429  0.901786
   0.0800      0.918344  0.919728
   0.1000      0.903600  0.904962
   0.1200      0.904374  0.905738
   0.1400      0.910043  0.911415
   0.1600      0.935503  0.936913
   0.1800      0.948952  0.950382
   0.2000      0.921148  0.922537
   0.2200      0.932742  0.934148
   0.2400      0.953576  0.955014
   0.2600      0.929090  0.930491
   0.2800      0.951463  0.952897
   0.3000      0.933834  0.935242
   0.3200      0.925855  0.927251
   0.3400      0.953580  0.955018
   0.3600      0.924802  0.926197
   0.3800      0.945340  0.946765
   0.4000      0.945567  0.946993
   0.4200      0.924407  0.925801
   0.4400      0.955061  0.956501
   0.4600      0.948341  0.949770
   0.4800      0.953149  0.954586
   0.5000      0.973128  0.974595
   0.5200      0.971113  0.972577
   0.5400      0.943065  0.944487
   0.5600      0.963518  0.964971
   0.5800      0.977301  0.978775
   0.6000      0.954311  0.955750
   0.6200      0.969049  0.970510
   0.6400      0.991639  0.993134
   0.6600      0.967466  0.968924
   0.6800      0.977058  0.978531
   0.7000      0.996959  0.998462
   0.7200      0.984213  0.985697
   0.7400      1.000241  1.001749
   0.7600      1.017810  1.019344
   0.7800      1.026617  1.028165
   0.8000      1.018420  1.019955
   0.8200      1.040657  1.042226
   0.8400      1.051912  1.053498
   0.8600      1.055894  1.057485
   0.8800      1.074286  1.075906
   0.9000      1.088507  1.090148
   0.9200      1.092389  1.094036
   0.9400      1.114390  1.116070
   0.9600      1.133511  1.135220
   0.9800      1.117855  1.119540
   1.0000      1.106493  1.108162
   1.0200      1.097536  1.099191
   1.0400      1.092087  1.093733
   1.0600      1.083592  1.085226
   1.0800      1.072898  1.074516
   1.1000      1.060900  1.062500
   1.1200      1.052822  1.054410
   1.1400      1.047703  1.049283
   1.1600      1.038518  1.040084
   1.1800      1.035625  1.037187
   1.2000      1.029045  1.030597
   1.2200      1.021519  1.023059
   1.2400      1.019114  1.020650
   1.2600      1.016943  1.018477
   1.2800      1.012438  1.013964
   1.3000      1.011376  1.012901
   1.3200      1.007797  1.009316
   1.3400      1.006438  1.007956
   1.3600      1.002406  1.003917
   1.3800      0.999300  1.000806
   1.4000      0.995951  0.997453
   1.4200      0.991724  0.993219
   1.4400      0.989268  0.990759
   1.4600      0.990421  0.991914
   1.4800      0.990707  0.992201
   1.5000      0.987957  0.989446
   1.5200      0.984731  0.986216
   1.5400      0.984556  0.986041
   1.5600      0.986681  0.988168
   1.5800      0.986924  0.988412
   1.6000      0.989299  0.990791
   1.6200      0.990747  0.992241
   1.6400      0.990794  0.992287
   1.6600      0.989750  0.991242
   1.6800      0.989423  0.990915
   1.7000      0.988446  0.989936
   1.7200      0.990938  0.992432
   1.7400      0.992876  0.994373
   1.7600      0.992764  0.994261
   1.7800      0.992774  0.994271
   1.8000      0.994220  0.995719
   1.8200      0.994662  0.996162
   1.8400      0.998225  0.999730
   1.8600      0.999464  1.000971
   1.8800      0.998307  0.999812
   1.9000      0.998250  0.999755
   1.9200      0.997294  0.998798
   1.9400      0.998177  0.999682
   1.9600      1.000281  1.001789
   1.9800      1.003031  1.004543
   2.0000      1.002254  1.003765
   2.0200      1.003559  1.005072
   2.0400      1.002963  1.004476
   2.0600      1.003077  1.004589
   2.0800      1.002252  1.003763
   2.1000      1.000212  1.001720
   2.1200      1.000560  1.002069
   2.1400      0.999419  1.000926
   2.1600      0.998589  1.000095
   2.1800      0.997957  0.999461
   2.2000      0.998111  0.999616
   2.2200      0.998371  0.999876
   2.2400      0.999581  1.001088
   2.2600      0.998475  0.999980
   2.2800      0.998367  0.999872
   2.3000      0.998423  0.999929
   2.3200      0.998487  0.999992
   2.3400      0.998421  0.999926
   2.3600      0.999469  1.000976
   2.3800      0.999075  1.000581
   2.4000      0.998384  0.999889
   2.4200      0.999142  1.000648
   2.4400      0.999196  1.000703
   2.4600      0.999323  1.000830
   2.4800      0.998714  1.000220
   2.5000      0.999346  1.000853
   2.5200      0.999717  1.001224
   2.5400      1.000038  1.001546
   2.5600      1.000469  1.001977
   2.5800      1.000004  1.001512
   2.6000      1.000034  1.001542
   2.6200      1.001166  1.002676
   2.6400      1.001055  1.002564
   2.6600      1.001182  1.002692
   2.6800      1.000684  1.002192
   2.7000      1.000477  1.001985
   2.7200      1.001523  1.003034
   2.7400      1.000781  1.002289
   2.7600      1.000139  1.001646
   2.7800      1.001054  1.002564
   2.8000      1.000817  1.002326
   2.8200      1.000859  1.002368
   2.8400      1.000615  1.002123
   2.8600      1.000739  1.002248
   2.8800      1.001761  1.003272
   2.9000      1.002484  1.003996
   2.9200      1.001429  1.002939
   2.9400      1.002185  1.003696
   2.9600      1.001528  1.003038
   2.9800      1.002378  1.003890
   3.0000      1.001099  1.002609
   3.0200      1.000969  1.002478
   3.0400      1.000358  1.001866
   3.0600      1.000534  1.002043
   3.0800      1.000553  1.002062
   3.1000      1.000067  1.001575
   3.1200      0.999645  1.001152
   3.1400      0.999487  1.000994
   3.1600      0.999761  1.001268
   3.1800      0.999698  1.001205
   3.2000      0.999878  1.001385
   3.2200      0.999899  1.001407
   3.2400      0.999873  1.001381
   3.2600      1.000270  1.001778
   3.2800      1.000374  1.001882
   3.3000      0.999912  1.001420
   3.3200      1.000125  1.001633
   3.3400      1.000516  1.002025
   3.3600      1.000560  1.002068
   3.3800      1.000633  1.002141
   3.4000      1.000824  1.002333
   3.4200      1.000863  1.002372
   3.4400      1.000407  1.001916
   3.4600      1.000141  1.001649
   3.4800      0.999587  1.001094
   3.5000      1.000053  1.001561
   3.5200      0.999890  1.001398
   3.5400      1.000248  1.001756
   3.5600      1.000084  1.001591
   3.5800      1.000578  1.002087
   3.6000      1.000673  1.002182
   3.6200      1.000469  1.001977
   3.6400      1.000462  1.001970
   3.6600      1.000145  1.001653
   3.6800      0.999920  1.001428
   3.7000      0.999926  1.001434
   3.7200      0.999925  1.001432
   3.7400      1.000098  1.001606
   3.7600      1.000054  1.001562
   3.7800      1.000274  1.001783
   3.8000      1.000505  1.002014
   3.8200      1.000623  1.002132
   3.8400      1.000683  1.002192
   3.8600      1.000637  1.002146
   3.8800      1.000520  1.002029
   3.9000      1.000912  1.002421
   3.9200      1.000852  1.002361
   3.9400      1.000355  1.001863
   3.9600      1.000538  1.002046
   3.9800      1.000530  1.002039
   4.0000      1.000653  1.002161
   4.0200      1.000135  1.001643
   4.0400      0.999784  1.001292
   4.0600      0.999858  1.001366
   4.0800      0.999962  1.001469
   4.1000      1.000482  1.001990
   4.1200      1.000781  1.002290
   4.1400      1.000590  1.002098
   4.1600      1.000472  1.001980
   4.1800      1.000656  1.002164
   4.2000      1.000414  1.001923
   4.2200      1.000140  1.001648
   4.2400      0.999783  1.001290
   4.2600      0.999634  1.001141
   4.2800      0.999759  1.001267
   4.3000      0.999679  1.001186
   4.3200      0.999851  1.001359
   4.3400      1.000068  1.001576
   4.3600      1.000014  1.001522
   4.3800      0.999779  1.001287
   4.4000      0.999955  1.001462
   4.4200      1.000008  1.001516
   4.4400      0.999632  1.001140
   4.4600      0.999783  1.001290
   4.4800      0.999712  1.001219
   4.5000      0.999964  1.001472
   4.5200      0.999968  1.001476
   4.5400      1.000110  1.001618
   4.5600      1.000096  1.001604
   4.5800      1.000219  1.001727
   4.6000      1.000151  1.001659
   4.6200      1.000079  1.001587
   4.6400      0.999996  1.001504
   4.6600      0.999937  1.001445
   4.6800      0.999861  1.001369
   4.7000      0.999959  1.001466
   4.7200      1.000114  1.001622
   4.7400      1.000175  1.001683
   4.7600      1.000415  1.001923
   4.7800      1.000460  1.001969
   4.8000      1.000503  1.002011
   4.8200      1.000476  1.001984
   4.8400      1.000508  1.002016
   4.8600      1.000338  1.001846
   4.8800      1.000361  1.001870
   4.9000      1.000257  1.001765
   4.9200      1.000206  1.001714
   4.9400      1.000225  1.001733
   4.9600      1.000213  1.001721
   4.9800      1.000276  1.001784
   5.0000      1.000288  1.001796
   5.0200      1.000399  1.001907
   5.0400      1.000397  1.001905
   5.0600      1.000297  1.001805
   5.0800      1.000148  1.001656
   5.1000      1.000180  1.001688
   5.1200      1.000195  1.001703
   5.1400      1.000125  1.001633
   5.1600      1.000044  1.001551
   5.1800      0.999969  1.001476
   5.2000      0.999930  1.001437
   5.2200      0.999909  1.001416
   5.2400      0.999814  1.001322
   5.2600      0.999853  1.001360
   5.2800      0.999964  1.001472
   5.3000      0.999897  1.001405
   5.3200      0.999825  1.001333
   5.3400      0.999765  1.001272
   5.3600      0.999764  1.001271
   5.3800      0.999730  1.001237
   5.4000      0.999728  1.001235
   5.4200      0.999838  1.001346
   5.4400      0.999974  1.001481
   5.4600      0.999968  1.001476
   5.4800      0.999995  1.001503
   5.5000      1.000079  1.001587
   5.5200      1.000057  1.001565
   5.5400      1.000080  1.001588
   5.5600      1.000177  1.001685
   5.5800      1.000149  1.001657
   5.6000      1.000156  1.001664
   5.6200      1.000171  1.001679
   5.6400      1.000240  1.001748
   5.6600      1.000233  1.001741
   5.6800      1.000086  1.001594
   5.7000      1.000067  1.001575
   5.7200      1.000087  1.001595
   5.7400      1.000078  1.001586
   5.7600      1.000057  1.001565
   5.7800      1.000034  1.001542
   5.8000      1.000106  1.001614
   5.8200      1.000102  1.001610
   5.8400      1.000169  1.001677
   5.8600      1.000042  1.001550
   5.8800      1.000121  1.001629
   5.9000      1.000135  1.001643
   5.9200      1.000183  1.001691
   5.9400      1.000098  1.001606
   5.9600      1.000102  1.001609
   5.9800      1.000113  1.001621
   6.0000      1.000118  1.001626
   6.0200      1.000137  1.001645
   6.0400      1.000169  1.001677
   6.0600      1.000142  1.001650
   6.0800      1.000089  1.001597
   6.1000      1.000089  1.001597
   6.1200      1.000112  1.001620
   6.1400      1.000111  1.001618
   6.1600      1.000139  1.001647
   6.1800      1.000219  1.001727
   6.2000      1.000186  1.001694
   6.2200      1.000166  1.001674
   6.2400      1.000165  1.001673
   6.2600      1.000176  1.001684
   6.2800      1.000126  1.001634
   6.3000      1.000228  1.001736
   6.3200      1.000214  1.001722
   6.3400      1.000225  1.001733
   6.3600      1.000182  1.001690
   6.3800      1.000142  1.001649
   6.4000      1.000136  1.001644
   6.4200      1.000132  1.001640
   6.4400      1.000157  1.001665
   6.4600      1.000153  1.001661
   6.4800      1.000179  1.001687
   6.5000      1.000127  1.001635
   6.5200      1.000128  1.001636
   6.5400      1.000097  1.001605
   6.5600      1.000086  1.001593
   6.5800      1.000061  1.001569
   6.6000      1.000067  1.001575
   6.6200      1.000070  1.001578
   6.6400      1.000055  1.001563
   6.6600      1.000072  1.001580
   6.6800      1.000068  1.001576
   6.7000      1.000096  1.001604
   6.7200      1.000091  1.001599
   6.7400      1.000082  1.001590
   6.7600      1.000096  1.001603
   6.7800      1.000051  1.001559
   6.8000      1.000045  1.001553
   6.8200      1.000041  1.001549
   6.8400      1.000055  1.001563
   6.8600      1.000037  1.001545
   6.8800      1.000011  1.001518
   6.9000      1.000062  1.001570
   6.9200      1.000053  1.001561
   6.9400      1.000083  1.001591
   6.9600      1.000074  1.001582
   6.9800      1.000061  1.001569
   7.0000      1.000104  1.001612
   7.0200      1.000089  1.001596
   7.0400      1.000100  1.001608
   7.0600      1.000096  1.001604
   7.0800      1.000091  1.001599
   7.1000      1.000108  1.001616
   7.1200      1.000109  1.001617
   7.1400      1.000124  1.001632
   7.1600      1.000132  1.001640
   7.1800      1.000126  1.001634
   7.2000      1.000111  1.001618
   7.2200      1.000122  1.001630
   7.2400      1.000122  1.001630
   7.2600      1.000138  1.001646
   7.2800      1.000130  1.001638
   7.3000      1.000151  1.001659
   7.3200      1.000142  1.001649
   7.3400      1.000133  1.001641
   7.3600      1.000117  1.001625
   7.3800      1.000111  1.001619
   7.4000      1.000112  1.001620
   7.4200      1.000126  1.001633
   7.4400      1.000118  1.001626
   7.4600      1.000104  1.001612
   7.4800      1.000115  1.001622
   7.5000      1.000124  1.001632
   7.5200      1.000118  1.001626
   7.5400      1.000126  1.001634
   7.5600      1.000128  1.001636
   7.5800      1.000116  1.001624
   7.6000      1.000111  1.001618
   7.6200      1.000098  1.001606
   7.6400      1.000087  1.001594
   7.6600      1.000079  1.001587
   7.6800      1.000073  1.001581
   7.7000      1.000082  1.001590
   7.7200      1.000097  1.001605
   7.7400      1.000113  1.001621
   7.7600      1.000102  1.001610
   7.7800      1.000090  1.001598
   7.8000      1.000075  1.001583
   7.8200      1.000090  1.001598
   7.8400      1.000099  1.001607
   7.8600      1.000102  1.001609
   7.8800      1.000112  1.001619
   7.9000      1.000107  1.001615
   7.9200      1.000087  1.001594
   7.9400      1.000078  1.001586
   7.9600      1.000079  1.001586
   7.9800      1.000089  1.001597
   8.0000      1.000078  1.001586
