       .0000      .0214204
       .0100      .0176621
       .0200      .0215356
       .0300      .0208599
       .0400      .0209392
       .0500      .0198308
       .0600      .0196843
       .0700      .0195667
       .0800      .0203741
       .0900      .0190313
       .1000      .0197656
       .1100      .0193284
       .1200      .0210739
       .1300      .0189090
       .1400      .0203505
       .1500      .0199601
       .1600      .0192209
       .1700      .0200832
       .1800      .0191728
       .1900      .0204900
       .2000      .0219587
       .2100      .0203997
       .2200      .0196051
       .2300      .0207935
       .2400      .0229828
       .2500      .0202611
       .2600      .0228667
       .2700      .0196084
       .2800      .0216402
       .2900      .0190481
       .3000      .0203384
       .3100      .0208248
       .3200      .0210033
       .3300      .0216318
       .3400      .0215531
       .3500      .0222528
       .3600      .0223492
       .3700      .0201326
       .3800      .0197003
       .3900      .0218816
       .4000      .0195373
       .4100      .0216329
       .4200      .0204142
       .4300      .0221109
       .4400      .0213072
       .4500      .0216311
       .4600      .0230988
       .4700      .0222508
       .4800      .0222603
       .4900      .0213476
       .5000      .0207841
       .5100      .0207725
       .5200      .0214570
       .5300      .0227751
       .5400      .0212119
       .5500      .0231987
       .5600      .0219758
       .5700      .0220985
       .5800      .0207760
       .5900      .0227202
       .6000      .0232423
       .6100      .0223304
       .6200      .0239765
       .6300      .0205808
       .6400      .0234679
       .6500      .0231355
       .6600      .0219714
       .6700      .0217673
       .6800      .0228156
       .6900      .0211116
       .7000      .0213080
       .7100      .0216505
       .7200      .0224915
       .7300      .0219978
       .7400      .0233132
       .7500      .0220326
       .7600      .0232238
       .7700      .0238361
       .7800      .0199986
       .7900      .0221290
       .8000      .0234473
       .8100      .0220229
       .8200      .0239236
       .8300      .0225740
       .8400      .0217505
       .8500      .0224410
       .8600      .0228590
       .8700      .0230452
       .8800      .0229894
       .8900      .0235201
       .9000      .0228839
       .9100      .0230503
       .9200      .0247236
       .9300      .0230705
       .9400      .0234004
       .9500      .0238693
       .9600      .0236077
       .9700      .0228246
       .9800      .0228887
       .9900      .0242916
      1.0000      .0229971
      1.0100      .0240738
      1.0200      .0234325
      1.0300      .0238335
      1.0400      .0244905
      1.0500      .0245754
      1.0600      .0248370
      1.0700      .0239786
      1.0800      .0241293
      1.0900      .0248264
      1.1000      .0241203
      1.1100      .0241209
      1.1200      .0236750
      1.1300      .0246856
      1.1400      .0244044
      1.1500      .0240709
      1.1600      .0246854
      1.1700      .0242441
      1.1800      .0237967
      1.1900      .0244571
      1.2000      .0242384
      1.2100      .0241575
      1.2200      .0244392
      1.2300      .0242810
      1.2400      .0243797
      1.2500      .0235094
      1.2600      .0238381
      1.2700      .0238652
      1.2800      .0238914
      1.2900      .0244232
      1.3000      .0242428
      1.3100      .0240610
      1.3200      .0242880
      1.3300      .0238924
      1.3400      .0239567
      1.3500      .0243414
      1.3600      .0240024
      1.3700      .0239326
      1.3800      .0234720
      1.3900      .0240010
      1.4000      .0241682
      1.4100      .0238773
      1.4200      .0240616
      1.4300      .0238391
      1.4400      .0237368
      1.4500      .0233729
      1.4600      .0239238
      1.4700      .0238413
      1.4800      .0236476
      1.4900      .0240649
      1.5000      .0240193
      1.5100      .0243266
      1.5200      .0242392
      1.5300      .0240778
      1.5400      .0238728
      1.5500      .0241888
      1.5600      .0240204
      1.5700      .0240523
      1.5800      .0238674
      1.5900      .0237322
      1.6000      .0240648
      1.6100      .0237997
      1.6200      .0239364
      1.6300      .0240378
      1.6400      .0241119
      1.6500      .0237239
      1.6600      .0240361
      1.6700      .0235949
      1.6800      .0237536
      1.6900      .0244127
      1.7000      .0239791
      1.7100      .0236488
      1.7200      .0240743
      1.7300      .0241914
      1.7400      .0238259
      1.7500      .0240962
      1.7600      .0240245
      1.7700      .0240666
      1.7800      .0239814
      1.7900      .0237687
      1.8000      .0242381
      1.8100      .0241545
      1.8200      .0242864
      1.8300      .0240929
      1.8400      .0243292
      1.8500      .0237385
      1.8600      .0240324
      1.8700      .0240456
      1.8800      .0238378
      1.8900      .0239866
      1.9000      .0240583
      1.9100      .0239422
      1.9200      .0240994
      1.9300      .0241862
      1.9400      .0241195
      1.9500      .0240728
      1.9600      .0241273
      1.9700      .0241395
      1.9800      .0241112
      1.9900      .0240510
      2.0000      .0239805
      2.0100      .0240247
      2.0200      .0239796
      2.0300      .0240439
      2.0400      .0240094
      2.0500      .0239823
      2.0600      .0240049
      2.0700      .0239599
      2.0800      .0240050
      2.0900      .0239694
      2.1000      .0240009
      2.1100      .0240086
      2.1200      .0240102
      2.1300      .0239928
      2.1400      .0239472
      2.1500      .0240138
      2.1600      .0239425
      2.1700      .0239601
      2.1800      .0239523
      2.1900      .0239999
      2.2000      .0240263
      2.2100      .0239983
      2.2200      .0239731
      2.2300      .0239411
      2.2400      .0240084
      2.2500      .0239145
      2.2600      .0239439
      2.2700      .0239005
      2.2800      .0239709
      2.2900      .0239223
      2.3000      .0239005
      2.3100      .0239160
      2.3200      .0239176
      2.3300      .0239253
      2.3400      .0238908
      2.3500      .0239350
      2.3600      .0238872
      2.3700      .0239508
      2.3800      .0238811
      2.3900      .0239385
      2.4000      .0239003
      2.4100      .0238834
      2.4200      .0239331
      2.4300      .0239033
      2.4400      .0239311
      2.4500      .0238990
      2.4600      .0238775
      2.4700      .0238765
      2.4800      .0238867
      2.4900      .0238840
      2.5000      .0239141
      2.5100      .0238639
      2.5200      .0238958
      2.5300      .0239205
      2.5400      .0239054
      2.5500      .0239111
      2.5600      .0238815
      2.5700      .0238685
      2.5800      .0238894
      2.5900      .0238868
      2.6000      .0238952
      2.6100      .0238798
      2.6200      .0239010
      2.6300      .0238757
      2.6400      .0238902
      2.6500      .0238812
      2.6600      .0238796
      2.6700      .0238888
      2.6800      .0238654
      2.6900      .0238683
      2.7000      .0238656
      2.7100      .0238721
      2.7200      .0238806
      2.7300      .0238659
      2.7400      .0238839
      2.7500      .0238683
      2.7600      .0238641
      2.7700      .0238681
      2.7800      .0238677
      2.7900      .0238679
      2.8000      .0238642
      2.8100      .0238676
      2.8200      .0238768
      2.8300      .0238795
      2.8400      .0238673
      2.8500      .0238723
      2.8600      .0238641
      2.8700      .0238718
      2.8800      .0238662
      2.8900      .0238709
      2.9000      .0238686
      2.9100      .0238654
      2.9200      .0238635
      2.9300      .0238678
      2.9400      .0238673
      2.9500      .0238691
      2.9600      .0238655
      2.9700      .0238701
      2.9800      .0238642
      2.9900      .0238684
      3.0000      .0238677
      3.0100      .0238703
      3.0200      .0238676
      3.0300      .0238666
      3.0400      .0238672
      3.0500      .0238651
      3.0600      .0238678
      3.0700      .0238689
      3.0800      .0238672
      3.0900      .0238671
      3.1000      .0238637
      3.1100      .0238665
      3.1200      .0238674
      3.1300      .0238675
      3.1400      .0238699
      3.1500      .0238682
      3.1600      .0238676
      3.1700      .0238672
      3.1800      .0238692
      3.1900      .0238671
      3.2000      .0238694
      3.2100      .0238692
      3.2200      .0238687
      3.2300      .0238680
      3.2400      .0238661
      3.2500      .0238685
      3.2600      .0238695
      3.2700      .0238682
      3.2800      .0238676
      3.2900      .0238689
      3.3000      .0238697
      3.3100      .0238691
      3.3200      .0238685
      3.3300      .0238683
      3.3400      .0238699
      3.3500      .0238688
      3.3600      .0238670
      3.3700      .0238680
      3.3800      .0238696
      3.3900      .0238709
      3.4000      .0238690
      3.4100      .0238672
      3.4200      .0238697
      3.4300      .0238693
      3.4400      .0238683
      3.4500      .0238680
      3.4600      .0238700
      3.4700      .0238682
      3.4800      .0238696
      3.4900      .0238714
      3.5000      .0238681
      3.5100      .0238705
      3.5200      .0238707
      3.5300      .0238712
      3.5400      .0238717
      3.5500      .0238691
      3.5600      .0238690
      3.5700      .0238701
      3.5800      .0238714
      3.5900      .0238704
      3.6000      .0238695
      3.6100      .0238719
      3.6200      .0238716
      3.6300      .0238698
      3.6400      .0238698
      3.6500      .0238713
      3.6600      .0238704
      3.6700      .0238709
      3.6800      .0238716
      3.6900      .0238723
      3.7000      .0238714
      3.7100      .0238717
      3.7200      .0238719
      3.7300      .0238715
      3.7400      .0238718
      3.7500      .0238717
      3.7600      .0238709
      3.7700      .0238707
      3.7800      .0238705
      3.7900      .0238724
      3.8000      .0238717
      3.8100      .0238718
      3.8200      .0238709
      3.8300      .0238718
      3.8400      .0238719
      3.8500      .0238721
      3.8600      .0238721
      3.8700      .0238721
      3.8800      .0238727
      3.8900      .0238723
      3.9000      .0238720
      3.9100      .0238725
      3.9200      .0238719
      3.9300      .0238725
      3.9400      .0238718
      3.9500      .0238731
      3.9600      .0238728
      3.9700      .0238726
      3.9800      .0238729
      3.9900      .0238726
      4.0000      .0238726
      4.0100      .0238727
      4.0200      .0238725
      4.0300      .0238730
      4.0400      .0238729
      4.0500      .0238728
      4.0600      .0238730
      4.0700      .0238722
      4.0800      .0238725
      4.0900      .0238727
      4.1000      .0238724
      4.1100      .0238730
      4.1200      .0238731
      4.1300      .0238727
      4.1400      .0238731
      4.1500      .0238728
      4.1600      .0238733
      4.1700      .0238733
      4.1800      .0238729
      4.1900      .0238730
      4.2000      .0238730
      4.2100      .0238733
      4.2200      .0238730
      4.2300      .0238735
      4.2400      .0238731
      4.2500      .0238732
      4.2600      .0238726
      4.2700      .0238735
      4.2800      .0238737
      4.2900      .0238736
      4.3000      .0238734
      4.3100      .0238733
      4.3200      .0238732
      4.3300      .0238733
      4.3400      .0238732
      4.3500      .0238734
      4.3600      .0238733
      4.3700      .0238733
      4.3800      .0238733
      4.3900      .0238733
      4.4000      .0238736
      4.4100      .0238730
      4.4200      .0238734
      4.4300      .0238736
      4.4400      .0238735
      4.4500      .0238735
      4.4600      .0238734
      4.4700      .0238736
      4.4800      .0238735
      4.4900      .0238732
      4.5000      .0238734
      4.5100      .0238734
      4.5200      .0238735
      4.5300      .0238735
      4.5400      .0238737
      4.5500      .0238734
      4.5600      .0238734
      4.5700      .0238733
      4.5800      .0238736
      4.5900      .0238736
      4.6000      .0238735
      4.6100      .0238735
      4.6200      .0238736
      4.6300      .0238736
      4.6400      .0238735
      4.6500      .0238736
      4.6600      .0238737
      4.6700      .0238735
      4.6800      .0238736
      4.6900      .0238736
      4.7000      .0238735
      4.7100      .0238736
      4.7200      .0238737
      4.7300      .0238738
      4.7400      .0238736
      4.7500      .0238737
      4.7600      .0238736
      4.7700      .0238736
      4.7800      .0238737
      4.7900      .0238738
      4.8000      .0238737
      4.8100      .0238737
      4.8200      .0238737
      4.8300      .0238737
      4.8400      .0238737
      4.8500      .0238735
      4.8600      .0238736
      4.8700      .0238736
      4.8800      .0238736
      4.8900      .0238737
      4.9000      .0238737
      4.9100      .0238737
      4.9200      .0238737
      4.9300      .0238737
      4.9400      .0238737
      4.9500      .0238737
      4.9600      .0238737
      4.9700      .0238737
      4.9800      .0238737
      4.9900      .0238737
      5.0000      .0238737
