 ETA_AV=  0.0980601311
   0.0000      0.680039  0.693491
   0.0100      0.685022  0.698574
   0.0200      0.691015  0.704685
   0.0300      0.695537  0.709296
   0.0400      0.703612  0.717531
   0.0500      0.705609  0.719568
   0.0600      0.710984  0.725049
   0.0700      0.716260  0.730429
   0.0800      0.725128  0.739473
   0.0900      0.729208  0.743633
   0.1000      0.730247  0.744693
   0.1100      0.734626  0.749159
   0.1200      0.742648  0.757339
   0.1300      0.743359  0.758064
   0.1400      0.751302  0.766165
   0.1500      0.751550  0.766417
   0.1600      0.756060  0.771017
   0.1700      0.763998  0.779112
   0.1800      0.765062  0.780197
   0.1900      0.773122  0.788416
   0.2000      0.776982  0.792353
   0.2100      0.777500  0.792881
   0.2200      0.785489  0.801028
   0.2300      0.786068  0.801618
   0.2400      0.789289  0.804903
   0.2500      0.797449  0.813224
   0.2600      0.801497  0.817352
   0.2700      0.801572  0.817429
   0.2800      0.809336  0.825346
   0.2900      0.813103  0.829188
   0.3000      0.811437  0.827489
   0.3100      0.815659  0.831794
   0.3200      0.822721  0.838996
   0.3300      0.822020  0.838282
   0.3400      0.826199  0.842543
   0.3500      0.834106  0.850606
   0.3600      0.833646  0.850138
   0.3700      0.837266  0.853830
   0.3800      0.844310  0.861013
   0.3900      0.847963  0.864738
   0.4000      0.847096  0.863854
   0.4100      0.853715  0.870604
   0.4200      0.856950  0.873903
   0.4300      0.856762  0.873711
   0.4400      0.864304  0.881402
   0.4500      0.867681  0.884846
   0.4600      0.866592  0.883735
   0.4700      0.870353  0.887571
   0.4800      0.876796  0.894141
   0.4900      0.876082  0.893413
   0.5000      0.879671  0.897073
   0.5100      0.887568  0.905127
   0.5200      0.891363  0.908997
   0.5300      0.895147  0.912855
   0.5400      0.893708  0.911388
   0.5500      0.898533  0.916308
   0.5600      0.902563  0.920418
   0.5700      0.909297  0.927285
   0.5800      0.912956  0.931016
   0.5900      0.916007  0.934128
   0.6000      0.913897  0.931977
   0.6100      0.918523  0.936694
   0.6200      0.922516  0.940766
   0.6300      0.926202  0.944525
   0.6400      0.933477  0.951943
   0.6500      0.937030  0.955566
   0.6600      0.940650  0.959258
   0.6700      0.938833  0.957405
   0.6800      0.943128  0.961785
   0.6900      0.948091  0.966847
   0.7000      0.954968  0.973859
   0.7100      0.959259  0.978236
   0.7200      0.963368  0.982425
   0.7300      0.962292  0.981328
   0.7400      0.967318  0.986454
   0.7500      0.971539  0.990758
   0.7600      0.978051  0.997399
   0.7700      0.982587  1.002024
   0.7800      0.986912  1.006435
   0.7900      0.991006  1.010611
   0.8000      0.991460  1.011073
   0.8100      0.996177  1.015883
   0.8200      1.000657  1.020452
   0.8300      1.007032  1.026954
   0.8400      1.011832  1.031849
   0.8500      1.017076  1.037197
   0.8600      1.019173  1.039334
   0.8700      1.023779  1.044032
   0.8800      1.029527  1.049894
   0.8900      1.036463  1.056967
   0.9000      1.042151  1.062767
   0.9100      1.047334  1.068053
   0.9200      1.049663  1.070428
   0.9300      1.054991  1.075861
   0.9400      1.060999  1.081988
   0.9500      1.066494  1.087591
   0.9600      1.073515  1.094752
   0.9700      1.079047  1.100393
   0.9800      1.084848  1.106309
   0.9900      1.080609  1.101987
   1.0000      1.078565  1.099902
   1.0100      1.076416  1.097711
   1.0200      1.075096  1.096365
   1.0300      1.072528  1.093746
   1.0400      1.070851  1.092035
   1.0500      1.068403  1.089539
   1.0600      1.066473  1.087570
   1.0700      1.064068  1.085118
   1.0800      1.060386  1.081363
   1.0900      1.058001  1.078931
   1.1000      1.056201  1.077095
   1.1100      1.054581  1.075444
   1.1200      1.052453  1.073273
   1.1300      1.050936  1.071726
   1.1400      1.049040  1.069792
   1.1500      1.047902  1.068632
   1.1600      1.046030  1.066723
   1.1700      1.044212  1.064869
   1.1800      1.042428  1.063050
   1.1900      1.041236  1.061834
   1.2000      1.039510  1.060074
   1.2100      1.037238  1.057758
   1.2200      1.035731  1.056221
   1.2300      1.034086  1.054542
   1.2400      1.032847  1.053280
   1.2500      1.031368  1.051771
   1.2600      1.030296  1.050678
   1.2700      1.029031  1.049387
   1.2800      1.028132  1.048471
   1.2900      1.027043  1.047360
   1.3000      1.025916  1.046211
   1.3100      1.024912  1.045188
   1.3200      1.023888  1.044143
   1.3300      1.022955  1.043192
   1.3400      1.021544  1.041753
   1.3500      1.020566  1.040756
   1.3600      1.019676  1.039848
   1.3700      1.018958  1.039115
   1.3800      1.017992  1.038131
   1.3900      1.017130  1.037252
   1.4000      1.016683  1.036795
   1.4100      1.015989  1.036087
   1.4200      1.015031  1.035110
   1.4300      1.014359  1.034426
   1.4400      1.013435  1.033484
   1.4500      1.012847  1.032884
   1.4600      1.012390  1.032418
   1.4700      1.011740  1.031754
   1.4800      1.011091  1.031093
   1.4900      1.010618  1.030611
   1.5000      1.010097  1.030079
   1.5100      1.009591  1.029563
   1.5200      1.009183  1.029148
   1.5300      1.008553  1.028505
   1.5400      1.008089  1.028031
   1.5500      1.007707  1.027642
   1.5600      1.007503  1.027434
   1.5700      1.007212  1.027137
   1.5800      1.007049  1.026971
   1.5900      1.006705  1.026620
   1.6000      1.006580  1.026493
   1.6100      1.006482  1.026392
   1.6200      1.005972  1.025872
   1.6300      1.005609  1.025503
   1.6400      1.005357  1.025245
   1.6500      1.005085  1.024968
   1.6600      1.004748  1.024624
   1.6700      1.004679  1.024554
   1.6800      1.004544  1.024417
   1.6900      1.004366  1.024235
   1.7000      1.004133  1.023997
   1.7100      1.004007  1.023869
   1.7200      1.004064  1.023927
   1.7300      1.004078  1.023942
   1.7400      1.003876  1.023735
   1.7500      1.003643  1.023497
   1.7600      1.003528  1.023381
   1.7700      1.003421  1.023271
   1.7800      1.003276  1.023123
   1.7900      1.002867  1.022706
   1.8000      1.002693  1.022528
   1.8100      1.002557  1.022390
   1.8200      1.002466  1.022298
   1.8300      1.002441  1.022272
   1.8400      1.002321  1.022149
   1.8500      1.002608  1.022442
   1.8600      1.002546  1.022378
   1.8700      1.002333  1.022161
   1.8800      1.002233  1.022060
   1.8900      1.002062  1.021885
   1.9000      1.001918  1.021739
   1.9100      1.001706  1.021522
   1.9200      1.001331  1.021140
   1.9300      1.001171  1.020977
   1.9400      1.000998  1.020800
   1.9500      1.000808  1.020606
   1.9600      1.000631  1.020426
   1.9700      1.000430  1.020221
   1.9800      1.000537  1.020330
   1.9900      1.000309  1.020097
   2.0000      1.000096  1.019880
   2.0100      0.999888  1.019668
   2.0200      0.999690  1.019467
   2.0300      0.999502  1.019275
   2.0400      0.999182  1.018948
   2.0500      0.999017  1.018780
   2.0600      0.998861  1.018621
   2.0700      0.998715  1.018472
   2.0800      0.998576  1.018330
   2.0900      0.998451  1.018203
   2.1000      0.998336  1.018085
   2.1100      0.998227  1.017974
   2.1200      0.998124  1.017869
   2.1300      0.998028  1.017771
   2.1400      0.997936  1.017678
   2.1500      0.997852  1.017592
   2.1600      0.997775  1.017513
   2.1700      0.997871  1.017611
   2.1800      0.997795  1.017534
   2.1900      0.997727  1.017464
   2.2000      0.997662  1.017398
   2.2100      0.997603  1.017339
   2.2200      0.997554  1.017288
   2.2300      0.997509  1.017242
   2.2400      0.997471  1.017203
   2.2500      0.997436  1.017168
   2.2600      0.997407  1.017138
   2.2700      0.997381  1.017112
   2.2800      0.997360  1.017090
   2.2900      0.997343  1.017073
   2.3000      0.997286  1.017015
   2.3100      0.997281  1.017010
   2.3200      0.997282  1.017010
   2.3300      0.997285  1.017014
   2.3400      0.997293  1.017022
   2.3500      0.997306  1.017035
   2.3600      0.997322  1.017051
   2.3700      0.997342  1.017072
   2.3800      0.997364  1.017094
   2.3900      0.997388  1.017119
   2.4000      0.997415  1.017146
   2.4100      0.997445  1.017177
   2.4200      0.997476  1.017209
   2.4300      0.997551  1.017285
   2.4400      0.997584  1.017319
   2.4500      0.997620  1.017356
   2.4600      0.997658  1.017394
   2.4700      0.997698  1.017435
   2.4800      0.997740  1.017478
   2.4900      0.997783  1.017522
   2.5000      0.997829  1.017568
   2.5100      0.997875  1.017616
   2.5200      0.997923  1.017664
   2.5300      0.997973  1.017715
   2.5400      0.998023  1.017766
   2.5500      0.998074  1.017818
   2.5600      0.998120  1.017865
   2.5700      0.998173  1.017920
   2.5800      0.998228  1.017975
   2.5900      0.998283  1.018031
   2.6000      0.998339  1.018088
   2.6100      0.998394  1.018144
   2.6200      0.998449  1.018201
   2.6300      0.998505  1.018258
   2.6400      0.998561  1.018315
   2.6500      0.998616  1.018371
   2.6600      0.998672  1.018428
   2.6700      0.998726  1.018484
   2.6800      0.998777  1.018535
   2.6900      0.998830  1.018590
   2.7000      0.998883  1.018643
   2.7100      0.998935  1.018697
   2.7200      0.998987  1.018750
   2.7300      0.999037  1.018801
   2.7400      0.999087  1.018851
   2.7500      0.999135  1.018901
   2.7600      0.999183  1.018950
   2.7700      0.999230  1.018997
   2.7800      0.999276  1.019044
   2.7900      0.999321  1.019090
   2.8000      0.999365  1.019135
   2.8100      0.999417  1.019188
   2.8200      0.999459  1.019230
   2.8300      0.999500  1.019273
   2.8400      0.999540  1.019313
   2.8500      0.999579  1.019353
   2.8600      0.999615  1.019390
   2.8700      0.999650  1.019426
   2.8800      0.999684  1.019460
   2.8900      0.999717  1.019493
   2.9000      0.999748  1.019525
   2.9100      0.999778  1.019556
   2.9200      0.999806  1.019585
   2.9300      0.999834  1.019613
   2.9400      0.999839  1.019618
   2.9500      0.999864  1.019643
   2.9600      0.999887  1.019667
   2.9700      0.999910  1.019690
   2.9800      0.999931  1.019712
   2.9900      0.999951  1.019732
   3.0000      0.999969  1.019751
   3.0100      0.999987  1.019769
   3.0200      1.000004  1.019786
   3.0300      1.000019  1.019802
   3.0400      1.000034  1.019817
   3.0500      1.000049  1.019832
   3.0600      1.000062  1.019846
   3.0700      1.000087  1.019871
   3.0800      1.000099  1.019883
   3.0900      1.000110  1.019894
   3.1000      1.000120  1.019905
   3.1100      1.000130  1.019915
   3.1200      1.000139  1.019924
   3.1300      1.000147  1.019932
   3.1400      1.000155  1.019940
   3.1500      1.000162  1.019947
   3.1600      1.000168  1.019954
   3.1700      1.000174  1.019960
   3.1800      1.000179  1.019965
   3.1900      1.000184  1.019970
   3.2000      1.000169  1.019955
   3.2100      1.000174  1.019959
   3.2200      1.000178  1.019964
   3.2300      1.000181  1.019967
   3.2400      1.000184  1.019970
   3.2500      1.000187  1.019973
   3.2600      1.000190  1.019976
   3.2700      1.000192  1.019978
   3.2800      1.000194  1.019980
   3.2900      1.000196  1.019982
   3.3000      1.000197  1.019983
   3.3100      1.000198  1.019985
   3.3200      1.000208  1.019994
   3.3300      1.000208  1.019995
   3.3400      1.000209  1.019995
   3.3500      1.000209  1.019995
   3.3600      1.000209  1.019995
   3.3700      1.000208  1.019995
   3.3800      1.000208  1.019994
   3.3900      1.000207  1.019994
   3.4000      1.000207  1.019993
   3.4100      1.000206  1.019992
   3.4200      1.000204  1.019991
   3.4300      1.000203  1.019990
   3.4400      1.000202  1.019988
   3.4500      1.000192  1.019978
   3.4600      1.000190  1.019977
   3.4700      1.000189  1.019975
   3.4800      1.000188  1.019974
   3.4900      1.000186  1.019972
   3.5000      1.000184  1.019970
   3.5100      1.000183  1.019969
   3.5200      1.000181  1.019967
   3.5300      1.000179  1.019965
   3.5400      1.000177  1.019963
   3.5500      1.000175  1.019961
   3.5600      1.000173  1.019958
   3.5700      1.000170  1.019956
   3.5800      1.000171  1.019956
   3.5900      1.000168  1.019954
   3.6000      1.000166  1.019951
   3.6100      1.000163  1.019949
   3.6200      1.000160  1.019946
   3.6300      1.000157  1.019943
   3.6400      1.000155  1.019940
   3.6500      1.000152  1.019937
   3.6600      1.000149  1.019935
   3.6700      1.000146  1.019932
   3.6800      1.000143  1.019929
   3.6900      1.000141  1.019926
   3.7000      1.000138  1.019923
   3.7100      1.000134  1.019919
   3.7200      1.000131  1.019916
   3.7300      1.000128  1.019913
   3.7400      1.000125  1.019910
   3.7500      1.000122  1.019907
   3.7600      1.000119  1.019904
   3.7700      1.000116  1.019901
   3.7800      1.000114  1.019898
   3.7900      1.000111  1.019895
   3.8000      1.000108  1.019892
   3.8100      1.000105  1.019889
   3.8200      1.000102  1.019886
   3.8300      1.000099  1.019884
   3.8400      1.000096  1.019880
   3.8500      1.000093  1.019877
   3.8600      1.000090  1.019874
   3.8700      1.000087  1.019871
   3.8800      1.000084  1.019868
   3.8900      1.000081  1.019865
   3.9000      1.000079  1.019863
   3.9100      1.000076  1.019860
   3.9200      1.000073  1.019857
   3.9300      1.000070  1.019854
   3.9400      1.000068  1.019851
   3.9500      1.000065  1.019849
   3.9600      1.000064  1.019847
   3.9700      1.000061  1.019845
   3.9800      1.000059  1.019843
   3.9900      1.000057  1.019840
   4.0000      1.000053  1.019837
   4.0100      1.000052  1.019835
   4.0200      1.000049  1.019832
   4.0300      1.000048  1.019831
   4.0400      1.000044  1.019828
   4.0500      1.000043  1.019827
   4.0600      1.000040  1.019824
   4.0700      1.000039  1.019823
   4.0800      1.000036  1.019820
   4.0900      1.000034  1.019817
   4.1000      1.000034  1.019817
   4.1100      1.000031  1.019815
   4.1200      1.000031  1.019814
   4.1300      1.000028  1.019811
   4.1400      1.000028  1.019811
   4.1500      1.000025  1.019808
   4.1600      1.000025  1.019807
   4.1700      1.000022  1.019805
   4.1800      1.000022  1.019805
   4.1900      1.000020  1.019802
   4.2000      1.000019  1.019802
   4.2100      1.000017  1.019800
   4.2200      1.000017  1.019800
   4.2300      1.000015  1.019798
   4.2400      1.000015  1.019798
   4.2500      1.000013  1.019796
   4.2600      1.000013  1.019796
   4.2700      1.000011  1.019794
   4.2800      1.000011  1.019794
   4.2900      1.000010  1.019792
   4.3000      1.000009  1.019792
   4.3100      1.000008  1.019791
   4.3200      1.000008  1.019791
   4.3300      1.000007  1.019789
   4.3400      1.000007  1.019789
   4.3500      1.000006  1.019789
   4.3600      1.000005  1.019788
   4.3700      1.000005  1.019788
   4.3800      1.000004  1.019787
   4.3900      1.000005  1.019787
   4.4000      1.000004  1.019786
   4.4100      1.000004  1.019786
   4.4200      1.000003  1.019785
   4.4300      1.000003  1.019786
   4.4400      1.000002  1.019785
   4.4500      1.000003  1.019785
   4.4600      1.000002  1.019784
   4.4700      1.000002  1.019785
   4.4800      1.000002  1.019784
   4.4900      1.000002  1.019785
   4.5000      1.000002  1.019784
   4.5100      1.000002  1.019784
   4.5200      1.000001  1.019784
   4.5300      1.000002  1.019784
   4.5400      1.000001  1.019784
   4.5500      1.000002  1.019784
   4.5600      1.000001  1.019784
   4.5700      1.000002  1.019784
   4.5800      1.000001  1.019784
   4.5900      1.000002  1.019784
   4.6000      1.000002  1.019784
   4.6100      1.000002  1.019784
   4.6200      1.000002  1.019784
   4.6300      1.000002  1.019784
   4.6400      1.000002  1.019785
   4.6500      1.000002  1.019784
   4.6600      1.000002  1.019785
   4.6700      1.000002  1.019784
   4.6800      1.000003  1.019785
   4.6900      1.000002  1.019785
   4.7000      1.000003  1.019785
   4.7100      1.000003  1.019785
   4.7200      1.000003  1.019785
   4.7300      1.000003  1.019785
   4.7400      1.000003  1.019786
   4.7500      1.000003  1.019785
   4.7600      1.000003  1.019786
   4.7700      1.000003  1.019786
   4.7800      1.000004  1.019786
   4.7900      1.000003  1.019786
   4.8000      1.000004  1.019786
   4.8100      1.000004  1.019786
   4.8200      1.000004  1.019787
   4.8300      1.000004  1.019786
   4.8400      1.000004  1.019787
   4.8500      1.000004  1.019787
   4.8600      1.000004  1.019787
   4.8700      1.000004  1.019787
   4.8800      1.000004  1.019787
   4.8900      1.000004  1.019787
   4.9000      1.000004  1.019787
   4.9100      1.000004  1.019787
   4.9200      1.000004  1.019787
   4.9300      1.000005  1.019787
   4.9400      1.000005  1.019787
   4.9500      1.000005  1.019787
   4.9600      1.000005  1.019787
   4.9700      1.000005  1.019787
   4.9800      1.000005  1.019787
   4.9900      1.000005  1.019788
   5.0000      1.000005  1.019788
